SYMBOL,TIMESTAMP,OPEN,HIGH,LOW,CLOSE,TOTTRDQTY,TOTALTRADES,PREVCLOSE
1003GS2019,18-JUL-2019,62.12,62.12,59.02,59.02,2,2,62.12
20MICRONS,18-JUL-2019,35.4,36.3,35.4,36.0,4979,87,35.95
21STCENMGM,18-JUL-2019,17.15,17.15,16.55,16.55,615,24,16.85
3IINFOTECH,18-JUL-2019,2.75,2.75,2.55,2.6,2823745,1050,2.7
3MINDIA,18-JUL-2019,22258.0,22336.2,21905.55,21915.85,651,271,22258.7
3PLAND,18-JUL-2019,7.9,8.15,7.55,7.95,75,9,7.9
5PAISA,18-JUL-2019,218.15,218.15,218.15,218.15,1286,65,229.6
63MOONS,18-JUL-2019,102.95,105.05,99.25,100.0,69480,1290,103.25
727GS2026,18-JUL-2019,98.0,98.0,98.0,98.0,600,2,100.0
74GS2035,18-JUL-2019,99.5,99.5,99.5,99.5,100,1,99.5
772GS2055,18-JUL-2019,100.0,100.0,100.0,100.0,100,1,101.0
8KMILES,18-JUL-2019,81.55,81.55,81.55,81.55,16757,287,85.8
A2ZINFRA,18-JUL-2019,10.35,10.6,9.9,10.0,682570,921,10.1
AAKASH,18-JUL-2019,21.0,21.0,21.0,21.0,2000,1,22.0
AARON,18-JUL-2019,47.5,48.5,45.1,48.5,9000,3,48.35
AARTIDRUGS,18-JUL-2019,503.0,505.0,495.0,496.2,4464,438,502.05
AARTIIND,18-JUL-2019,1682.6,1696.5,1663.25,1679.2,13480,1681,1682.6
AARVEEDEN,18-JUL-2019,18.05,18.8,16.5,17.35,7144,150,18.1
AAVAS,18-JUL-2019,1523.0,1523.0,1485.0,1491.6,20866,1345,1511.0
ABAN,18-JUL-2019,35.15,36.05,34.95,35.25,43506,530,35.85
ABB,18-JUL-2019,1493.0,1500.0,1445.0,1454.1,63333,5754,1489.1
ABBOTINDIA,18-JUL-2019,8670.1,8798.0,8522.75,8552.2,3954,712,8696.15
ABCAPITAL,18-JUL-2019,90.25,90.3,89.0,89.05,870912,8949,90.4
ABFRL,18-JUL-2019,203.9,204.6,202.8,203.05,288176,2522,203.2
ABINFRA,18-JUL-2019,24.85,24.85,24.85,24.85,156000,31,26.15
ABMINTLTD,18-JUL-2019,14.0,14.0,14.0,14.0,58,3,14.0
ACC,18-JUL-2019,1604.0,1609.2,1560.15,1567.1,1475891,69566,1594.35
ACCELYA,18-JUL-2019,825.0,835.0,820.0,820.65,2025,198,826.75
ACCURACY,18-JUL-2019,40.0,40.0,40.0,40.0,1600,1,40.0
ACE,18-JUL-2019,83.5,83.8,82.25,82.8,29906,734,82.85
ADANIENT,18-JUL-2019,137.7,137.95,133.35,134.2,4247055,23921,138.05
ADANIGAS,18-JUL-2019,174.85,174.85,169.0,169.95,499924,6852,175.5
ADANIGREEN,18-JUL-2019,48.3,49.75,46.95,47.5,938262,3973,48.45
ADANIPORTS,18-JUL-2019,416.7,419.3,410.75,412.4,1300071,33677,417.05
ADANIPOWER,18-JUL-2019,63.95,65.9,61.45,62.7,27403170,60106,63.4
ADANITRANS,18-JUL-2019,222.8,223.3,211.0,214.0,98049,4712,221.8
ADFFOODS,18-JUL-2019,273.05,275.85,271.0,273.6,15944,608,275.2
ADHUNIK,18-JUL-2019,1.15,1.25,1.15,1.15,104767,38,1.2
ADHUNIKIND,18-JUL-2019,85.0,86.95,84.65,86.05,7768,49,85.05
ADLABS,18-JUL-2019,4.7,4.7,4.5,4.55,38730,86,4.65
ADORWELD,18-JUL-2019,326.05,326.95,315.6,320.25,1914,234,329.2
ADROITINFO,18-JUL-2019,8.7,9.4,8.7,9.0,6345,32,9.15
ADSL,18-JUL-2019,13.5,13.6,13.2,13.3,6379,36,13.6
ADVANIHOTR,18-JUL-2019,57.7,57.75,56.05,56.15,983,36,57.1
ADVENZYMES,18-JUL-2019,159.1,162.95,159.1,160.95,44485,1265,161.4
AEGISCHEM,18-JUL-2019,206.2,210.95,204.0,205.0,72338,4236,206.2
AGARIND,18-JUL-2019,118.95,123.0,117.55,118.15,15405,116,121.9
AGCNET,18-JUL-2019,109.8,109.85,104.1,105.0,2926,23,108.9
AGLSL,18-JUL-2019,49.1,53.0,49.1,51.2,848,36,51.4
AGRITECH,18-JUL-2019,53.1,53.7,51.2,51.75,7942,244,53.75
AGROPHOS,18-JUL-2019,90.1,94.25,90.1,93.7,15565,29,93.9
AHLADA,18-JUL-2019,65.0,65.0,65.0,65.0,1000,1,70.0
AHLEAST,18-JUL-2019,180.25,185.95,180.1,183.5,169,32,184.65
AHLUCONT,18-JUL-2019,318.25,324.7,318.25,323.0,3182,165,320.85
AHLWEST,18-JUL-2019,315.0,326.7,310.0,326.7,11,11,312.25
AIAENG,18-JUL-2019,1761.0,1771.8,1750.05,1758.2,61724,5462,1766.85
AIONJSW,18-JUL-2019,18.35,19.5,18.15,18.95,10131,182,18.5
AIRAN,18-JUL-2019,21.05,21.75,21.05,21.5,6106,27,21.5
AISL,18-JUL-2019,34.5,34.5,34.5,34.5,1200,1,37.5
AJANTPHARM,18-JUL-2019,927.7,932.0,914.6,922.95,99602,4057,929.65
AJMERA,18-JUL-2019,153.05,155.0,147.95,148.3,41201,1282,153.3
AKSHARCHEM,18-JUL-2019,260.1,260.1,250.1,251.2,1741,184,262.65
AKSHOPTFBR,18-JUL-2019,10.95,10.95,9.85,10.15,449582,1129,10.8
AKZOINDIA,18-JUL-2019,1748.0,1748.0,1721.0,1724.75,1587,208,1737.35
ALANKIT,18-JUL-2019,27.6,27.85,26.4,27.4,384140,1959,27.2
ALBERTDAVD,18-JUL-2019,390.0,393.3,383.0,386.75,678,78,390.15
ALBK,18-JUL-2019,43.1,43.1,41.5,41.85,3095510,17029,43.5
ALCHEM,18-JUL-2019,1.2,1.2,1.15,1.15,1125,16,1.2
ALEMBICLTD,18-JUL-2019,42.6,43.4,42.6,43.15,93568,363,42.95
ALICON,18-JUL-2019,506.0,532.5,506.0,519.25,642,190,521.55
ALKALI,18-JUL-2019,39.3,39.3,38.0,38.0,3246,156,38.9
ALKEM,18-JUL-2019,1750.1,1774.0,1732.45,1758.05,14113,2207,1749.85
ALKYLAMINE,18-JUL-2019,807.0,813.05,783.3,791.2,4038,331,811.85
ALLCARGO,18-JUL-2019,100.1,100.65,99.0,100.25,113982,792,100.65
ALLSEC,18-JUL-2019,310.0,310.85,309.95,310.0,4953,3067,310.0
ALMONDZ,18-JUL-2019,16.05,16.2,15.05,15.45,2942,38,15.45
ALOKTEXT,18-JUL-2019,3.05,3.05,2.95,3.0,1939453,772,3.0
ALPA,18-JUL-2019,16.95,17.0,16.25,16.5,8204,81,16.75
ALPHAGEO,18-JUL-2019,362.05,366.8,355.95,358.4,4036,270,362.3
ALPSINDUS,18-JUL-2019,0.85,0.95,0.85,0.85,2276,10,0.9
AMARAJABAT,18-JUL-2019,653.0,653.0,636.15,640.6,251173,6516,650.7
AMBER,18-JUL-2019,820.05,833.95,820.05,827.9,5882,967,826.9
AMBIKCO,18-JUL-2019,1010.0,1010.05,979.15,987.15,2810,405,1000.25
AMBUJACEM,18-JUL-2019,219.0,221.2,215.1,216.95,3614814,30334,219.25
AMDIND,18-JUL-2019,17.95,17.95,16.3,16.75,6142,95,17.75
AMJLAND,18-JUL-2019,17.05,17.7,17.05,17.3,6371,59,17.25
AMRUTANJAN,18-JUL-2019,304.65,305.0,297.25,300.2,8986,624,306.05
ANANTRAJ,18-JUL-2019,30.05,30.25,29.5,29.7,146208,777,30.2
ANDHRABANK,18-JUL-2019,22.6,22.6,22.25,22.3,491055,1589,22.55
ANDHRACEMT,18-JUL-2019,3.7,3.7,3.65,3.65,82713,58,3.8
ANDHRSUGAR,18-JUL-2019,292.15,294.95,292.0,293.35,9932,381,292.9
ANIKINDS,18-JUL-2019,9.4,10.15,9.05,9.6,5598,54,9.75
ANKITMETAL,18-JUL-2019,0.45,0.55,0.45,0.55,135655,34,0.5
ANSALAPI,18-JUL-2019,4.95,5.0,4.8,4.85,50137,84,5.0
ANSALHSG,18-JUL-2019,5.5,5.5,4.8,4.9,33136,82,5.05
ANTGRAPHIC,18-JUL-2019,0.85,0.9,0.85,0.9,78210,40,0.9
ANUP,18-JUL-2019,472.05,480.9,472.05,475.3,6300,577,477.65
APARINDS,18-JUL-2019,560.0,561.7,537.0,545.15,9114,1437,560.65
APCL,18-JUL-2019,164.0,164.0,155.3,157.9,3160,116,158.3
APCOTEXIND,18-JUL-2019,209.95,209.95,204.3,205.55,5897,130,208.25
APEX,18-JUL-2019,245.2,247.0,242.0,243.55,29031,1089,246.65
APLAPOLLO,18-JUL-2019,1559.0,1559.0,1512.1,1521.95,6167,1055,1560.85
APLLTD,18-JUL-2019,527.0,527.95,520.05,524.4,16047,2670,526.35
APOLLO,18-JUL-2019,104.95,104.95,101.0,102.8,8377,460,103.3
APOLLOHOSP,18-JUL-2019,1380.0,1400.0,1365.1,1388.05,464854,29740,1383.8
APOLLOTYRE,18-JUL-2019,184.65,186.35,178.4,179.25,2057799,23348,184.6
APOLSINHOT,18-JUL-2019,870.05,924.0,866.5,900.7,2416,87,897.85
APTECHT,18-JUL-2019,133.0,133.05,122.1,126.9,140236,2521,133.85
ARCHIDPLY,18-JUL-2019,29.45,30.0,29.15,29.45,45322,84,29.45
ARCHIES,18-JUL-2019,20.0,20.2,19.4,19.5,24844,271,19.75
ARCOTECH,18-JUL-2019,2.75,2.75,2.55,2.65,64894,122,2.65
ARIES,18-JUL-2019,57.9,58.85,55.2,55.5,12901,338,57.4
ARIHANT,18-JUL-2019,22.15,23.35,22.1,22.1,718,6,22.95
ARIHANTSUP,18-JUL-2019,37.4,41.2,37.4,38.9,49997,933,39.3
ARMANFIN,18-JUL-2019,400.25,408.0,400.0,406.75,3839,138,400.4
AROGRANITE,18-JUL-2019,41.35,42.45,40.1,40.8,5921,111,41.7
ARROWGREEN,18-JUL-2019,60.3,62.0,60.25,61.95,8094,124,63.4
ARROWTEX,18-JUL-2019,11.55,12.0,11.5,11.5,6592,63,11.85
ARSHIYA,18-JUL-2019,19.8,20.0,18.8,19.25,57326,237,19.05
ARSSINFRA,18-JUL-2019,35.75,35.75,33.25,34.25,7116,124,34.9
ARTNIRMAN,18-JUL-2019,26.0,26.5,26.0,26.0,24000,4,24.0
ARVIND,18-JUL-2019,61.0,61.5,59.4,59.7,1851051,8031,60.95
ARVINDFASN,18-JUL-2019,651.0,655.0,645.0,651.0,13681,1233,653.2
ARVSMART,18-JUL-2019,92.5,94.2,91.5,93.15,14432,245,93.4
ASAHIINDIA,18-JUL-2019,201.55,202.25,200.0,200.15,33793,557,202.6
ASAHISONG,18-JUL-2019,132.7,133.0,125.1,127.25,2606,245,133.1
ASAL,18-JUL-2019,42.15,42.95,41.5,41.75,8303,80,42.15
ASHAPURMIN,18-JUL-2019,17.9,18.05,17.8,18.05,201570,167,17.2
ASHIANA,18-JUL-2019,117.85,125.4,117.2,117.75,112642,2257,115.1
ASHIMASYN,18-JUL-2019,9.05,9.55,9.0,9.35,13167,61,9.1
ASHOKA,18-JUL-2019,128.0,129.0,123.05,126.9,379947,2868,127.05
ASHOKLEY,18-JUL-2019,85.45,85.45,81.05,81.45,24405105,89648,85.45
ASIANHOTNR,18-JUL-2019,121.0,122.8,118.15,119.15,840,325,123.0
ASIANPAINT,18-JUL-2019,1395.0,1395.35,1377.2,1384.95,802222,48621,1395.9
ASIANTILES,18-JUL-2019,226.8,228.7,217.05,219.3,182708,5212,226.8
ASPINWALL,18-JUL-2019,142.5,147.0,142.5,145.7,1818,25,147.7
ASSAMCO,18-JUL-2019,1.35,1.35,1.25,1.25,59891,71,1.3
ASTEC,18-JUL-2019,337.85,344.8,311.65,324.4,93826,3285,346.3
ASTERDM,18-JUL-2019,126.0,127.75,125.2,126.15,130330,1266,125.9
ASTRAL,18-JUL-2019,1287.0,1309.0,1287.0,1298.7,19474,1291,1293.4
ASTRAMICRO,18-JUL-2019,79.3,80.0,78.5,78.9,47672,414,79.55
ASTRAZEN,18-JUL-2019,2003.55,2019.45,1940.0,1950.5,7017,811,2003.3
ASTRON,18-JUL-2019,104.0,107.1,100.1,102.05,374123,2847,105.9
ATFL,18-JUL-2019,488.0,495.0,486.0,490.55,3463,259,492.65
ATLANTA,18-JUL-2019,9.15,9.3,8.9,8.9,19773,126,9.35
ATLASCYCLE,18-JUL-2019,39.4,42.4,39.4,41.65,8130,125,40.4
ATNINTER,18-JUL-2019,0.2,0.25,0.2,0.25,37733,31,0.2
ATUL,18-JUL-2019,3797.25,3837.95,3788.25,3798.15,20132,6074,3797.25
ATULAUTO,18-JUL-2019,271.0,272.9,270.0,270.0,2697,114,270.55
AUBANK,18-JUL-2019,667.2,674.95,667.15,669.35,81812,7064,669.4
AURIONPRO,18-JUL-2019,105.35,110.5,104.2,107.05,13717,178,107.75
AUROPHARMA,18-JUL-2019,574.85,577.95,562.1,569.9,2424281,57817,573.15
AUSOMENT,18-JUL-2019,35.3,35.45,34.8,35.45,1717,32,33.8
AUTOAXLES,18-JUL-2019,957.9,968.5,921.0,925.95,10477,1184,962.65
AUTOIND,18-JUL-2019,48.0,49.7,46.9,47.1,6756,261,48.6
AUTOLITIND,18-JUL-2019,25.6,25.85,25.6,25.85,11,2,25.95
AVADHSUGAR,18-JUL-2019,286.05,290.7,274.3,277.1,52132,1711,288.6
AVANTIFEED,18-JUL-2019,337.65,338.75,329.0,330.2,134318,4683,336.3
AVG,18-JUL-2019,78.45,78.45,78.45,78.45,1200,1,79.0
AVTNPL,18-JUL-2019,23.2,23.85,22.65,22.75,31716,155,23.55
AXISBANK,18-JUL-2019,754.0,755.0,734.6,740.4,11283488,206879,752.6
AXISCADES,18-JUL-2019,63.25,68.4,63.1,66.9,580801,9056,63.25
AXISGOLD,18-JUL-2019,3017.05,3060.0,3017.05,3050.85,494,56,3012.0
AXISNIFTY,18-JUL-2019,1196.0,1196.0,1196.0,1196.0,3,2,1196.0
AYMSYNTEX,18-JUL-2019,33.6,35.35,30.95,33.95,50960,233,34.0
BAFNAPHARM,18-JUL-2019,7.0,7.0,6.4,6.7,2861,40,6.7
BAGFILMS,18-JUL-2019,3.35,3.35,3.05,3.1,115357,219,3.25
BAJAJ-AUTO,18-JUL-2019,2700.0,2711.85,2621.1,2630.8,365949,31111,2696.9
BAJAJCON,18-JUL-2019,313.85,314.0,309.0,309.95,46771,3478,311.85
BAJAJELEC,18-JUL-2019,463.0,470.45,456.0,458.7,64750,2597,465.15
BAJAJFINSV,18-JUL-2019,7858.7,7907.9,7810.0,7847.65,134466,21446,7854.55
BAJAJHIND,18-JUL-2019,7.15,7.25,7.1,7.15,533887,720,7.2
BAJAJHLDNG,18-JUL-2019,3560.05,3564.65,3520.1,3523.4,13972,4065,3556.85
BAJFINANCE,18-JUL-2019,3460.0,3520.0,3444.0,3467.65,1320464,75063,3463.3
BALAJITELE,18-JUL-2019,52.9,53.65,52.3,52.8,21551,264,53.0
BALAMINES,18-JUL-2019,321.0,321.05,295.35,299.6,45021,2410,323.9
BALAXI,18-JUL-2019,85.9,85.9,79.75,79.75,2414,41,83.9
BALKRISHNA,18-JUL-2019,26.85,27.45,26.0,26.15,3805,97,27.1
BALKRISIND,18-JUL-2019,750.0,765.95,746.0,751.0,576464,23962,750.15
BALLARPUR,18-JUL-2019,1.2,1.25,1.2,1.2,1147416,405,1.25
BALMLAWRIE,18-JUL-2019,177.55,179.05,176.5,176.85,33637,661,178.0
BALPHARMA,18-JUL-2019,50.75,52.0,49.7,51.05,8288,160,50.75
BALRAMCHIN,18-JUL-2019,155.7,157.4,147.35,149.8,1469651,38491,155.2
BANARBEADS,18-JUL-2019,45.55,45.55,44.0,44.0,648,10,44.0
BANARISUG,18-JUL-2019,1405.0,1406.05,1405.0,1405.35,153,10,1406.0
BANCOINDIA,18-JUL-2019,110.0,111.0,108.1,108.65,14990,346,110.15
BANDHANBNK,18-JUL-2019,540.0,544.1,526.55,528.8,384789,25648,539.35
BANG,18-JUL-2019,40.9,40.9,37.8,38.45,3344,88,39.05
BANKBARODA,18-JUL-2019,127.35,127.35,121.05,121.35,21215697,66205,127.3
BANKBEES,18-JUL-2019,3125.45,3133.34,3099.0,3100.1,4039,394,3130.79
BANKINDIA,18-JUL-2019,84.95,85.5,81.6,82.15,9321591,26801,84.9
BANSWRAS,18-JUL-2019,65.0,67.0,65.0,66.7,2760,34,66.1
BARTRONICS,18-JUL-2019,3.4,3.45,3.25,3.3,10670,38,3.4
BASF,18-JUL-2019,1167.9,1168.75,1125.0,1127.4,4100,716,1154.9
BASML,18-JUL-2019,150.05,154.75,150.05,150.2,571,28,151.75
BATAINDIA,18-JUL-2019,1359.0,1359.0,1332.05,1341.65,664401,22575,1360.95
BAYERCROP,18-JUL-2019,3350.0,3380.0,3306.25,3345.65,2575,681,3349.45
BBL,18-JUL-2019,992.05,999.0,981.55,991.95,1119,208,997.9
BBTC,18-JUL-2019,916.0,934.0,910.0,912.75,104680,5054,912.35
BBTCL,18-JUL-2019,37.0,37.5,36.5,37.0,12000,4,37.5
BCG,18-JUL-2019,3.55,3.55,3.3,3.35,453010,260,3.45
BCONCEPTS,18-JUL-2019,46.0,46.0,46.0,46.0,3000,1,47.9
BDL,18-JUL-2019,303.45,308.0,300.0,301.55,21652,1299,303.45
BEARDSELL,18-JUL-2019,14.6,17.4,13.9,15.3,1607,47,14.95
BEDMUTHA,18-JUL-2019,17.85,17.85,16.65,16.85,2122,18,16.95
BEL,18-JUL-2019,103.8,103.9,95.9,96.55,14419051,68373,103.3
BEML,18-JUL-2019,913.8,927.9,907.3,913.9,963713,26082,914.15
BEPL,18-JUL-2019,66.2,71.15,66.2,67.7,671594,4588,67.15
BERGEPAINT,18-JUL-2019,316.5,316.7,312.0,313.3,383233,5142,316.2
BETA,18-JUL-2019,87.0,89.0,86.0,86.0,13600,8,89.0
BFINVEST,18-JUL-2019,275.0,281.8,268.0,270.6,279826,7393,275.35
BFUTILITIE,18-JUL-2019,217.95,230.0,217.0,221.1,2104259,36374,215.25
BGLOBAL,18-JUL-2019,1.5,1.55,1.45,1.45,3696,12,1.5
BGRENERGY,18-JUL-2019,47.55,49.0,47.5,47.95,30027,489,48.3
BHAGERIA,18-JUL-2019,128.0,131.9,125.1,126.85,14064,422,129.55
BHAGYANGR,18-JUL-2019,23.25,23.25,21.5,22.45,16695,69,23.0
BHAGYAPROP,18-JUL-2019,22.55,23.0,22.4,22.5,2010,17,23.5
BHANDARI,18-JUL-2019,1.6,1.7,1.6,1.7,54535,51,1.65
BHARATFORG,18-JUL-2019,462.8,462.8,438.4,440.85,2481984,62901,464.9
BHARATGEAR,18-JUL-2019,88.8,92.0,88.8,89.75,1932,87,88.8
BHARATRAS,18-JUL-2019,4034.95,4242.7,3983.9,4209.0,1517,486,4021.0
BHARATWIRE,18-JUL-2019,33.1,33.85,33.0,33.1,10881,68,33.1
BHARTIARTL,18-JUL-2019,348.0,351.2,338.6,342.5,3642763,56024,346.25
BHEL,18-JUL-2019,64.1,64.5,63.5,64.0,10455841,30717,64.1
BIGBLOC,18-JUL-2019,28.25,28.5,27.25,28.1,114,21,28.55
BIL,18-JUL-2019,288.0,299.9,288.0,298.9,1115,8,302.0
BILENERGY,18-JUL-2019,2.6,2.6,2.6,2.6,11078,46,2.7
BINANIIND,18-JUL-2019,15.55,16.7,15.45,15.45,591,10,16.25
BINDALAGRO,18-JUL-2019,12.2,12.3,12.05,12.15,7731,93,12.3
BIOCON,18-JUL-2019,263.0,265.5,260.5,263.05,2702868,34932,262.9
BIOFILCHEM,18-JUL-2019,5.7,6.3,5.7,6.3,193,5,6.0
BIRLACABLE,18-JUL-2019,89.55,91.0,88.3,88.7,22778,706,89.55
BIRLACORPN,18-JUL-2019,614.0,617.85,593.85,596.5,30229,2026,613.05
BIRLAMONEY,18-JUL-2019,46.4,46.75,43.6,43.95,116863,1314,46.7
BKMINDST,18-JUL-2019,2.55,2.65,2.55,2.65,8489,12,2.65
BLBLIMITED,18-JUL-2019,4.05,4.05,3.8,3.8,9781,20,3.95
BLISSGVS,18-JUL-2019,158.0,159.5,155.55,157.7,1342489,2402,158.0
BLKASHYAP,18-JUL-2019,9.3,9.8,9.2,9.65,109464,383,9.65
BLS,18-JUL-2019,79.35,83.35,78.0,80.8,52797,965,79.35
BLUEBLENDS,18-JUL-2019,1.9,1.9,1.9,1.9,271,2,2.0
BLUECOAST,18-JUL-2019,5.1,5.1,5.1,5.1,405,8,4.9
BLUEDART,18-JUL-2019,2400.65,2430.0,2395.0,2400.45,2948,393,2400.65
BLUEDART,18-JUL-2019,10.75,10.75,10.55,10.55,500,3,10.06
BLUESTARCO,18-JUL-2019,739.85,742.7,733.0,734.35,36354,1385,739.85
BODALCHEM,18-JUL-2019,89.0,89.25,85.5,86.65,113047,2474,89.2
BOHRA,18-JUL-2019,6.0,6.0,6.0,6.0,4000,2,6.3
BOMDYEING,18-JUL-2019,99.0,99.4,95.2,96.3,580075,5367,99.0
BOROSIL,18-JUL-2019,156.15,157.45,152.4,152.95,18273,624,157.15
BOSCHLTD,18-JUL-2019,16000.0,16002.0,15512.0,15570.35,9671,4983,15999.55
BPCL,18-JUL-2019,354.0,355.35,347.85,349.25,4516450,82821,352.8
BPL,18-JUL-2019,20.15,20.2,19.6,20.0,53782,414,20.05
BRFL,18-JUL-2019,6.0,6.15,5.85,6.05,25828,76,6.05
BRIGADE,18-JUL-2019,273.6,279.9,273.6,276.2,65721,3676,274.95
BRIGHT,18-JUL-2019,14.3,15.25,14.3,14.8,63000,8,15.85
BRITANNIA,18-JUL-2019,2800.0,2844.0,2787.55,2820.85,477907,44179,2797.8
BRNL,18-JUL-2019,82.45,82.75,79.35,80.7,19206,2507,81.5
BROOKS,18-JUL-2019,42.4,42.4,41.05,41.2,3583,83,41.65
BSE,18-JUL-2019,581.5,583.55,575.1,575.8,86144,7154,581.35
BSELINFRA,18-JUL-2019,1.4,1.4,1.3,1.35,23129,54,1.35
BSHSL,18-JUL-2019,124.5,124.5,124.5,124.5,1000,1,128.95
BSL,18-JUL-2019,28.9,28.95,27.2,27.9,4800,120,27.9
BSLGOLDETF,18-JUL-2019,3229.0,3229.0,3229.0,3229.0,1,1,3151.0
BSLNIFTY,18-JUL-2019,125.82,126.69,125.76,126.1,1276,14,127.75
BSOFT,18-JUL-2019,75.35,77.2,74.2,75.45,612615,6012,75.6
BURNPUR,18-JUL-2019,1.55,1.55,1.5,1.5,19132,34,1.55
BUTTERFLY,18-JUL-2019,160.85,160.85,157.25,158.7,6310,291,159.65
BVCL,18-JUL-2019,15.35,16.0,14.6,14.8,8202,43,15.35
BYKE,18-JUL-2019,22.9,22.9,22.5,22.65,12738,84,22.85
CADILAHC,18-JUL-2019,241.35,242.75,229.0,231.15,1239743,17997,240.85
CADSYS,18-JUL-2019,45.95,45.95,45.9,45.9,4000,2,48.0
CALSOFT,18-JUL-2019,17.4,17.75,16.9,17.7,81934,208,16.95
CAMLINFINE,18-JUL-2019,62.0,62.5,59.4,60.05,178375,1753,61.8
CANBK,18-JUL-2019,280.15,280.65,267.25,268.5,5346987,41489,280.2
CANDC,18-JUL-2019,8.4,8.4,8.05,8.05,4135,8,8.45
CANFINHOME,18-JUL-2019,383.0,392.4,379.1,390.25,525388,14953,382.15
CANTABIL,18-JUL-2019,236.6,245.0,235.5,236.95,4962,187,236.6
CAPACITE,18-JUL-2019,270.0,270.0,267.15,269.2,37381,1833,268.95
CAPLIPOINT,18-JUL-2019,417.0,430.0,411.05,420.55,73496,3106,413.9
CAPTRUST,18-JUL-2019,87.0,87.0,83.0,83.3,1250,66,87.15
CARBORUNIV,18-JUL-2019,335.25,336.55,330.05,331.0,13122,1072,335.25
CAREERP,18-JUL-2019,60.45,60.45,58.35,60.0,11206,110,59.25
CARERATING,18-JUL-2019,888.0,888.15,860.0,874.05,55430,5267,907.15
CASTEXTECH,18-JUL-2019,0.6,0.65,0.55,0.55,77931,54,0.6
CASTROLIND,18-JUL-2019,130.95,133.1,129.7,130.05,1402837,11844,131.0
CCHHL,18-JUL-2019,4.85,4.85,4.5,4.5,19762,66,4.7
CCL,18-JUL-2019,242.35,246.5,242.35,246.35,9696,411,245.0
CDSL,18-JUL-2019,206.45,207.0,202.7,204.05,347468,3351,206.95
CEATLTD,18-JUL-2019,892.55,897.55,880.05,883.4,133233,5919,892.8
CEBBCO,18-JUL-2019,16.8,16.8,16.25,16.55,22817,51,16.35
CELEBRITY,18-JUL-2019,5.75,6.25,5.7,6.15,9470,58,5.75
CELESTIAL,18-JUL-2019,5.0,5.4,4.95,5.2,62413,122,5.35
CENTENKA,18-JUL-2019,206.8,207.4,202.1,202.9,12055,409,207.0
CENTEXT,18-JUL-2019,3.5,3.7,3.4,3.5,39975,47,3.45
CENTRALBK,18-JUL-2019,19.6,19.65,19.4,19.45,363083,1052,19.55
CENTRUM,18-JUL-2019,25.5,25.85,24.35,24.9,203442,1119,25.75
CENTUM,18-JUL-2019,507.2,533.9,507.2,512.9,2063,101,518.35
CENTURYPLY,18-JUL-2019,144.1,144.1,136.5,137.2,242586,5572,144.1
CENTURYTEX,18-JUL-2019,951.8,961.05,929.6,935.05,497444,15405,955.35
CERA,18-JUL-2019,2740.0,2748.0,2710.0,2719.85,3611,442,2734.8
CEREBRAINT,18-JUL-2019,24.0,24.6,24.0,24.25,339617,219,24.45
CES1RPG,18-JUL-2019,9.33,10.27,9.33,9.67,19500,3,9.8
CESC,18-JUL-2019,780.3,786.2,775.4,777.3,176240,7034,783.7
CESCVENT,18-JUL-2019,420.3,425.3,412.05,414.45,18931,1627,420.3
CGCL,18-JUL-2019,161.0,165.0,155.05,162.5,387175,5381,162.6
CGPOWER,18-JUL-2019,20.0,21.5,20.0,21.5,7906893,11191,19.55
CHALET,18-JUL-2019,306.9,315.35,306.9,313.05,38129,278,308.35
CHAMBLFERT,18-JUL-2019,161.95,164.1,160.85,162.05,97886,6547,161.95
CHEMFAB,18-JUL-2019,162.85,167.0,162.85,166.45,779,21,166.0
CHENNPETRO,18-JUL-2019,195.95,197.3,191.7,194.55,245702,8228,196.95
CHOLAFIN,18-JUL-2019,276.6,277.35,264.95,270.8,953968,32174,276.25
CHOLAHLDNG,18-JUL-2019,491.6,499.0,482.25,493.65,20007,1266,493.85
CHROMATIC,18-JUL-2019,0.5,0.55,0.5,0.55,15459,12,0.6
CIGNITITEC,18-JUL-2019,300.0,302.35,295.0,295.7,17350,232,298.95
CIMMCO,18-JUL-2019,21.9,22.5,20.2,21.15,29148,592,21.45
CINELINE,18-JUL-2019,34.2,35.9,34.2,34.4,4603,40,34.55
CINEVISTA,18-JUL-2019,5.15,5.15,5.15,5.15,1100,2,5.1
CIPLA,18-JUL-2019,558.85,559.0,545.5,547.0,1355289,46981,557.55
CKFSL,18-JUL-2019,2.9,2.9,2.9,2.9,8991,29,3.05
CLEDUCATE,18-JUL-2019,95.35,97.9,94.4,94.6,1437,54,95.3
CLNINDIA,18-JUL-2019,292.4,295.0,291.0,292.95,6744,411,294.5
CMICABLES,18-JUL-2019,84.45,88.0,79.0,80.45,259199,5493,80.0
CMMIPL,18-JUL-2019,4.35,4.35,4.35,4.35,6000,2,4.55
CNOVAPETRO,18-JUL-2019,10.6,11.8,10.6,10.75,12189,27,10.65
COALINDIA,18-JUL-2019,230.0,230.9,219.5,220.3,8729774,88455,230.0
COCHINSHIP,18-JUL-2019,367.75,371.15,363.05,363.65,35062,2377,366.0
COFFEEDAY,18-JUL-2019,215.8,217.55,212.55,212.95,32890,847,216.3
COLPAL,18-JUL-2019,1168.0,1221.7,1153.15,1203.65,2517903,93382,1167.15
COMPINFO,18-JUL-2019,12.75,12.8,12.55,12.7,5265,40,12.75
COMPUSOFT,18-JUL-2019,9.45,9.45,8.55,8.7,24149,123,9.15
CONCOR,18-JUL-2019,551.7,552.95,536.0,538.95,723958,32774,551.7
CONFIPET,18-JUL-2019,32.05,32.4,31.5,31.7,73061,482,32.25
CONSOFINVT,18-JUL-2019,34.6,35.0,33.6,33.85,3381,26,35.8
CONTROLPR,18-JUL-2019,207.65,210.7,201.9,208.7,1487,132,207.65
CORALFINAC,18-JUL-2019,13.7,14.4,13.5,13.95,23160,67,13.7
CORDSCABLE,18-JUL-2019,50.3,51.25,48.85,49.75,22324,277,50.75
COROMANDEL,18-JUL-2019,379.7,384.95,365.85,376.15,301724,9709,378.95
CORPBANK,18-JUL-2019,26.75,26.75,25.75,26.0,94074,713,26.75
COSMOFILMS,18-JUL-2019,210.0,212.0,205.0,205.3,13917,414,215.45
COUNCODOS,18-JUL-2019,2.15,2.3,2.15,2.15,13671,16,2.2
COX&KINGS,18-JUL-2019,18.1,18.1,18.1,18.1,37278,274,19.05
CPSEETF,18-JUL-2019,26.4,26.45,25.25,25.3,4257960,3318,25.97
CREATIVE,18-JUL-2019,73.05,73.05,73.0,73.0,6400,2,73.0
CREATIVEYE,18-JUL-2019,1.75,1.75,1.75,1.75,2000,1,1.8
CREDITACC,18-JUL-2019,526.0,532.0,521.2,527.45,306243,11972,526.3
CREST,18-JUL-2019,99.05,101.0,96.3,100.05,4477,162,102.3
CRISIL,18-JUL-2019,1409.9,1429.9,1386.4,1395.5,8423,985,1385.3
CROMPTON,18-JUL-2019,229.3,236.65,228.2,233.1,1190667,7655,230.85
CTE,18-JUL-2019,35.9,35.9,31.6,32.8,6122,169,33.95
CUB,18-JUL-2019,208.0,209.3,202.0,205.05,559527,8345,209.25
CUBEXTUB,18-JUL-2019,11.65,11.65,11.65,11.65,41,2,11.9
CUMMINSIND,18-JUL-2019,755.9,755.9,736.55,739.5,114109,4517,752.4
CUPID,18-JUL-2019,112.0,114.8,105.05,107.0,34538,1111,109.1
CYBERTECH,18-JUL-2019,51.0,51.55,48.6,49.45,24412,373,51.5
CYIENT,18-JUL-2019,542.0,551.0,535.8,543.5,132517,9171,540.35
DAAWAT,18-JUL-2019,21.0,21.35,20.15,20.25,287413,2148,21.35
DABUR,18-JUL-2019,429.9,435.25,426.65,428.9,3432159,68439,431.15
DALBHARAT,18-JUL-2019,1007.15,1026.0,990.1,997.1,75339,2146,1009.95
DALMIASUG,18-JUL-2019,100.25,101.1,98.15,99.1,80916,1157,100.05
DAMODARIND,18-JUL-2019,31.3,32.55,30.2,31.8,1533,37,32.5
DATAMATICS,18-JUL-2019,85.5,86.7,83.0,83.8,30226,538,85.95
DBCORP,18-JUL-2019,172.0,184.7,165.05,176.3,298569,7151,171.3
DBL,18-JUL-2019,419.8,423.8,411.15,412.15,130933,5487,420.85
DBREALTY,18-JUL-2019,10.35,10.75,9.8,10.05,314815,1966,10.35
DBSTOCKBRO,18-JUL-2019,11.5,11.5,11.5,11.5,1000,3,12.1
DCAL,18-JUL-2019,216.9,219.0,212.45,214.85,716834,6596,214.15
DCBBANK,18-JUL-2019,200.6,205.4,189.1,201.5,10855655,111266,199.95
DCM,18-JUL-2019,27.0,27.5,26.3,26.6,4899,113,27.3
DCMFINSERV,18-JUL-2019,1.05,1.05,1.05,1.05,1,1,1.05
DCMNVL,18-JUL-2019,47.15,47.15,47.15,47.15,100,2,49.6
DCMSHRIRAM,18-JUL-2019,512.0,514.6,490.0,504.1,80104,4736,510.6
DCW,18-JUL-2019,16.1,16.5,15.8,15.9,59782,427,16.2
DECCANCE,18-JUL-2019,362.0,374.4,362.0,370.15,2219,127,368.0
DEEPAKFERT,18-JUL-2019,92.1,93.05,90.25,91.6,183576,2176,92.1
DEEPAKNTR,18-JUL-2019,313.0,317.45,307.1,309.05,199099,5508,310.65
DEEPIND,18-JUL-2019,127.0,131.75,127.0,127.3,8821,289,128.1
DELTACORP,18-JUL-2019,160.85,161.5,159.0,159.3,377692,4824,161.05
DELTAMAGNT,18-JUL-2019,40.5,41.45,40.5,41.0,61,3,41.0
DEN,18-JUL-2019,56.7,57.5,54.2,54.75,103440,1400,57.65
DENORA,18-JUL-2019,230.45,236.8,228.0,232.85,1744,127,230.8
DFMFOODS,18-JUL-2019,262.4,293.0,262.0,271.65,627044,17227,244.2
DGCONTENT,18-JUL-2019,11.05,12.5,11.05,12.3,1908,34,11.55
DHAMPURSUG,18-JUL-2019,187.05,188.95,181.2,181.95,225262,3069,187.45
DHANBANK,18-JUL-2019,18.15,18.3,16.4,16.7,855951,2039,18.15
DHANUKA,18-JUL-2019,392.0,409.75,392.0,395.9,18311,1381,391.85
DHARSUGAR,18-JUL-2019,8.75,8.75,8.25,8.35,7742,31,8.5
DHFL,18-JUL-2019,54.8,58.6,53.55,56.25,46389916,186952,56.25
DHFL,18-JUL-2019,675.0,675.0,650.0,650.0,31,3,673.9
DHFL,18-JUL-2019,351.0,481.0,351.0,450.0,72,7,433.88
DHFL,18-JUL-2019,415.8,415.8,378.8,378.91,87,5,400.0
DHFL,18-JUL-2019,680.0,680.0,675.0,675.0,224,4,700.0
DHFL,18-JUL-2019,701.0,703.0,678.2,681.29,377,35,707.92
DHFL,18-JUL-2019,532.73,532.73,363.15,491.99,170,22,443.99
DHFL,18-JUL-2019,360.2,360.2,339.0,339.94,202,17,354.61
DHFL,18-JUL-2019,629.0,629.0,629.0,629.0,10,1,785.08
DHFL,18-JUL-2019,646.0,665.0,630.0,640.0,126,12,646.64
DHFL,18-JUL-2019,380.0,429.98,375.0,375.61,214,22,380.38
DHFL,18-JUL-2019,389.97,389.97,328.25,373.0,1890,165,389.97
DHFL,18-JUL-2019,404.0,404.0,345.15,370.39,404,42,367.83
DHFL,18-JUL-2019,325.25,337.4,315.1,330.0,629,23,331.1
DHFL,18-JUL-2019,307.0,307.25,302.0,302.0,525,9,311.24
DHFL,18-JUL-2019,350.0,400.0,350.0,400.0,51,3,411.98
DHFL,18-JUL-2019,350.0,360.0,330.0,360.0,197,11,365.0
DHUNINV,18-JUL-2019,207.3,214.5,205.0,207.35,695,100,210.05
DIAMONDYD,18-JUL-2019,769.0,785.0,769.0,774.2,861,147,782.95
DIAPOWER,18-JUL-2019,0.75,0.8,0.7,0.8,10137,25,0.75
DICIND,18-JUL-2019,315.1,315.1,311.05,311.75,733,27,318.55
DIGJAMLTD,18-JUL-2019,1.35,1.35,1.3,1.3,13862,15,1.35
DISHTV,18-JUL-2019,32.8,34.8,32.6,34.15,45620901,61335,32.95
DIVISLAB,18-JUL-2019,1652.6,1661.5,1635.55,1641.9,769446,27731,1651.95
DIXON,18-JUL-2019,2200.0,2213.9,2186.1,2201.2,1061,313,2203.35
DLF,18-JUL-2019,190.0,191.35,182.55,183.2,6315890,40072,190.7
DLINKINDIA,18-JUL-2019,91.6,93.25,90.5,92.5,23116,284,93.0
DMART,18-JUL-2019,1455.0,1464.0,1434.0,1439.4,306435,33368,1463.8
DNAMEDIA,18-JUL-2019,0.55,0.6,0.5,0.55,8761,21,0.55
DOLLAR,18-JUL-2019,228.65,234.85,228.65,229.7,2313,105,232.15
DOLPHINOFF,18-JUL-2019,28.0,29.65,27.4,27.75,71870,1918,28.7
DONEAR,18-JUL-2019,28.6,28.65,27.05,27.25,10905,117,28.4
DPSCLTD,18-JUL-2019,9.6,9.8,9.35,9.5,1628,22,9.7
DQE,18-JUL-2019,3.75,4.0,3.75,4.0,762,11,3.9
DREDGECORP,18-JUL-2019,381.05,388.95,371.0,372.9,100070,3539,383.7
DRREDDY,18-JUL-2019,2665.25,2679.85,2630.0,2655.55,434455,31369,2666.3
DSML,18-JUL-2019,7.3,7.3,7.3,7.3,6000,1,7.65
DSSL,18-JUL-2019,28.3,29.85,27.0,27.55,2983,99,28.3
DTIL,18-JUL-2019,182.0,196.9,177.2,184.85,4699,498,181.4
DUCON,18-JUL-2019,7.35,7.45,7.25,7.4,50347,122,7.3
DVL,18-JUL-2019,85.75,86.5,81.35,83.55,7315,261,86.0
DWARKESH,18-JUL-2019,25.2,25.25,24.5,24.7,161015,692,25.3
DYNAMATECH,18-JUL-2019,1368.3,1368.3,1302.5,1314.75,550,145,1367.5
DYNPRO,18-JUL-2019,114.1,117.95,114.1,116.05,13947,269,116.85
E2E,18-JUL-2019,40.0,40.0,40.0,40.0,2000,1,40.0
EASTSILK,18-JUL-2019,1.3,1.3,1.2,1.2,8371,12,1.25
EASUNREYRL,18-JUL-2019,4.75,4.8,4.65,4.65,892,14,4.85
ECLERX,18-JUL-2019,670.0,680.0,663.0,668.0,15192,1540,679.95
ECLFINANCE,18-JUL-2019,989.0,999.0,987.5,997.3,613,19,990.92
ECLFINANCE,18-JUL-2019,1000.0,1000.0,995.1,995.1,277,40,1095.75
ECLFINANCE,18-JUL-2019,1808.0,1808.0,1808.0,1808.0,5,1,1816.32
ECLFINANCE,18-JUL-2019,980.0,1006.0,950.5,987.97,253,10,1005.27
ECLFINANCE,18-JUL-2019,997.8,997.8,976.0,976.0,6,4,880.44
ECLFINANCE,18-JUL-2019,916.16,916.16,916.16,916.16,160,2,1025.0
ECLFINANCE,18-JUL-2019,891.0,891.0,891.0,891.0,100,1,891.1
ECLFINANCE,18-JUL-2019,990.0,990.0,973.0,974.16,130,5,990.0
ECLFINANCE,18-JUL-2019,1000.0,1000.0,989.1,989.1,282,10,990.6
ECLFINANCE,18-JUL-2019,911.61,911.61,911.0,911.0,435,26,1010.0
ECLFINANCE,18-JUL-2019,980.0,980.0,980.0,980.0,50,1,981.01
ECLFINANCE,18-JUL-2019,994.0,994.5,983.03,985.18,4197,18,985.78
ECLFINANCE,18-JUL-2019,1004.9,1004.9,1004.0,1004.0,4,3,952.0
EDELWEISS,18-JUL-2019,162.2,162.2,156.8,158.8,1798498,21985,161.2
EDL,18-JUL-2019,4.5,4.5,4.25,4.25,346,7,4.45
EDUCOMP,18-JUL-2019,1.45,1.5,1.4,1.4,3013,34,1.45
EHFLNCD,18-JUL-2019,945.0,945.0,918.0,924.01,82,6,930.0
EHFLNCD,18-JUL-2019,864.4,864.4,780.0,784.71,280,48,814.84
EHFLNCD,18-JUL-2019,793.0,807.0,771.0,790.0,338,29,842.55
EICHERMOT,18-JUL-2019,18530.0,18581.2,18350.0,18406.0,68383,19985,18433.7
EIDPARRY,18-JUL-2019,164.7,165.3,160.7,161.95,86161,3564,164.45
EIFFL,18-JUL-2019,111.4,111.75,93.1,111.6,11200,12,111.65
EIHAHOTELS,18-JUL-2019,338.95,338.95,325.75,331.1,479,63,330.7
EIHOTEL,18-JUL-2019,169.3,169.35,167.5,167.8,34192,1118,168.15
EIMCOELECO,18-JUL-2019,376.0,382.45,375.0,380.0,174,13,380.2
EKC,18-JUL-2019,21.2,21.2,20.05,20.3,91477,347,20.85
ELAND,18-JUL-2019,6.25,6.7,6.25,6.3,4455,20,6.55
ELECON,18-JUL-2019,41.5,42.15,40.2,40.4,31662,691,42.05
ELECTCAST,18-JUL-2019,15.3,15.65,15.0,15.2,57409,210,15.45
ELECTHERM,18-JUL-2019,196.1,197.35,188.15,190.1,7774,272,196.1
ELGIEQUIP,18-JUL-2019,264.85,267.35,260.25,261.6,5262,272,264.6
ELGIRUBCO,18-JUL-2019,18.35,19.85,18.35,18.7,6796,67,18.65
EMAMILTD,18-JUL-2019,323.0,325.5,319.0,321.4,162074,9084,323.2
EMAMIPAP,18-JUL-2019,75.05,76.75,70.9,71.45,3138,97,74.6
EMAMIREAL,18-JUL-2019,57.2,57.55,54.85,55.4,10386,273,57.7
EMBASSY,18-JUL-2019,380.26,383.0,380.26,380.99,62000,136,380.26
EMCO,18-JUL-2019,2.2,2.2,2.15,2.2,560,6,2.25
EMKAY,18-JUL-2019,68.5,68.5,66.3,66.75,7684,189,68.3
EMMBI,18-JUL-2019,146.3,151.85,143.0,145.35,15972,375,147.25
EMOFSR1RDP,18-JUL-2019,7.66,7.95,7.66,7.67,2563,4,7.65
EMOFSR1RGG,18-JUL-2019,7.95,7.95,7.64,7.76,94413,36,7.63
ENDURANCE,18-JUL-2019,992.0,1004.4,953.25,996.85,35878,3921,991.05
ENERGYDEV,18-JUL-2019,5.55,5.8,5.55,5.6,6151,53,5.55
ENGINERSIN,18-JUL-2019,109.0,109.2,104.8,105.2,1447617,12524,108.7
ENIL,18-JUL-2019,412.25,414.0,406.0,406.4,719,280,413.6
EON,18-JUL-2019,17.55,17.55,16.45,17.1,5946,95,17.1
EQ30,18-JUL-2019,320.0,320.0,320.0,320.0,2,1,320.0
EQUITAS,18-JUL-2019,127.95,129.0,122.3,122.75,5694035,17446,128.25
ERFLNCDI,18-JUL-2019,861.99,861.99,861.0,861.99,50,3,810.0
ERFLNCDI,18-JUL-2019,895.55,895.55,895.55,895.55,10,2,842.0
ERFLNCDI,18-JUL-2019,856.0,856.0,807.5,812.5,115,10,821.8
ERFLNCDI,18-JUL-2019,846.0,846.0,805.0,809.09,200,19,848.59
ERIS,18-JUL-2019,444.1,450.95,437.0,441.8,31663,1620,445.45
EROSMEDIA,18-JUL-2019,15.8,15.85,14.95,14.95,728435,1853,15.7
ESABINDIA,18-JUL-2019,1094.4,1095.95,1065.0,1076.35,3255,332,1094.45
ESCORTS,18-JUL-2019,539.7,543.75,527.0,529.15,1544366,45100,539.1
ESSARSHPNG,18-JUL-2019,8.55,9.1,8.55,9.0,13356,91,8.7
ESSELPACK,18-JUL-2019,129.2,130.35,129.2,129.95,149043,2200,130.0
ESTER,18-JUL-2019,28.65,28.85,26.75,27.5,205589,881,28.7
EUROMULTI,18-JUL-2019,0.55,0.55,0.55,0.55,44,4,0.55
EUROTEXIND,18-JUL-2019,12.4,12.4,12.4,12.4,325,2,12.7
EVEREADY,18-JUL-2019,70.0,72.3,70.0,71.9,118056,1296,71.25
EVERESTIND,18-JUL-2019,382.55,384.95,378.15,379.3,9133,539,382.7
EXCEL,18-JUL-2019,1.65,1.65,1.65,1.65,5390,12,1.7
EXCELCROP,18-JUL-2019,2934.0,2969.0,2891.2,2908.1,1735,231,2933.45
EXCELINDUS,18-JUL-2019,951.1,957.75,900.1,910.0,6757,844,951.1
EXIDEIND,18-JUL-2019,204.05,206.15,199.05,201.45,1358670,17592,205.2
EXPLEOSOL,18-JUL-2019,375.0,389.95,375.0,377.0,4801,1170,377.0
FACT,18-JUL-2019,38.6,38.6,37.1,37.55,254586,2676,39.2
FAIRCHEM,18-JUL-2019,542.35,552.95,525.05,528.8,9410,388,539.6
FCL,18-JUL-2019,33.4,33.45,31.05,31.55,87830,1000,33.2
FCONSUMER,18-JUL-2019,37.2,37.2,36.0,36.1,644941,3493,36.9
FCSSOFT,18-JUL-2019,0.2,0.3,0.2,0.25,1794031,511,0.25
FDC,18-JUL-2019,169.3,169.3,161.8,163.4,40658,1138,169.35
FEDERALBNK,18-JUL-2019,103.1,103.35,98.8,99.15,15869467,60406,103.15
FEL,18-JUL-2019,30.55,30.8,30.0,30.05,194604,524,30.55
FELDVR,18-JUL-2019,28.0,28.65,27.5,27.7,7740,79,28.75
FIEMIND,18-JUL-2019,436.0,440.1,415.1,418.1,10584,778,439.2
FILATEX,18-JUL-2019,47.0,51.8,46.1,48.55,1268784,8207,47.45
FINCABLES,18-JUL-2019,387.9,400.95,382.25,384.65,69238,4461,383.6
FINEORG,18-JUL-2019,1450.0,1500.0,1450.0,1462.95,22451,1569,1436.95
FINPIPE,18-JUL-2019,520.05,520.05,511.45,516.1,14839,1045,520.05
FLEXITUFF,18-JUL-2019,23.7,28.4,22.25,23.45,6967,215,24.1
FLFL,18-JUL-2019,467.45,467.95,453.9,457.85,61151,769,466.45
FMGOETZE,18-JUL-2019,566.7,584.85,561.05,563.25,3324,651,568.5
FMNL,18-JUL-2019,32.25,34.25,32.25,32.25,6976,138,33.9
FOCUS,18-JUL-2019,150.0,150.0,150.0,150.0,4000,2,151.0
FORTIS,18-JUL-2019,130.4,132.25,128.6,129.4,555520,4341,130.35
FOSECOIND,18-JUL-2019,1250.0,1250.0,1211.0,1229.95,412,222,1241.65
FOURTHDIM,18-JUL-2019,15.5,15.5,15.5,15.5,1000,1,15.5
FRETAIL,18-JUL-2019,428.1,433.45,420.5,424.05,69675,3414,428.25
FSC,18-JUL-2019,607.95,607.95,588.05,591.55,6012,271,604.7
FSL,18-JUL-2019,53.3,53.9,52.7,53.2,1249745,8016,53.25
GABRIEL,18-JUL-2019,105.0,105.7,102.25,103.35,40744,967,106.1
GAEL,18-JUL-2019,138.25,140.4,136.1,139.15,19304,318,138.25
GAIL,18-JUL-2019,144.0,144.2,141.0,141.95,6315213,52050,143.4
GAL,18-JUL-2019,3.9,4.05,3.55,3.75,19464,70,3.95
GALAXYSURF,18-JUL-2019,1238.0,1244.95,1219.35,1238.15,6355,524,1234.9
GALLANTT,18-JUL-2019,37.35,38.0,35.3,35.65,5107,58,36.3
GALLISPAT,18-JUL-2019,30.25,30.65,30.15,30.35,9382,71,30.6
GAMMNINFRA,18-JUL-2019,0.4,0.4,0.35,0.4,370669,113,0.4
GANDHITUBE,18-JUL-2019,331.4,357.4,331.4,333.15,1849,135,339.85
GANECOS,18-JUL-2019,277.0,280.95,268.1,271.85,10231,288,280.45
GANESHHOUC,18-JUL-2019,35.9,39.1,35.85,37.2,91334,872,35.9
GANGESSECU,18-JUL-2019,41.05,41.05,41.0,41.0,2260,4,42.0
GANGOTRI,18-JUL-2019,0.95,0.95,0.9,0.95,149,5,0.95
GARDENSILK,18-JUL-2019,13.45,13.5,13.0,13.1,7278,113,13.5
GARFIBRES,18-JUL-2019,1200.1,1212.75,1194.3,1204.25,4347,211,1200.2
GATI,18-JUL-2019,70.2,70.2,67.0,67.25,240500,2132,69.8
GAYAHWS,18-JUL-2019,0.75,0.75,0.7,0.7,17943,13,0.75
GAYAPROJ,18-JUL-2019,141.0,144.3,139.65,142.35,29282,1327,142.1
GDL,18-JUL-2019,117.65,119.35,115.0,118.3,82823,2459,117.65
GEECEE,18-JUL-2019,111.0,111.9,108.5,110.0,7842,297,111.55
GENESYS,18-JUL-2019,102.65,102.65,98.0,100.8,9742,196,103.05
GENUSPAPER,18-JUL-2019,4.8,4.8,4.35,4.7,91362,143,4.75
GENUSPOWER,18-JUL-2019,20.2,20.6,19.1,19.2,250867,1037,20.6
GEOJITFSL,18-JUL-2019,30.0,30.15,28.95,29.25,93716,1009,29.85
GEPIL,18-JUL-2019,842.65,851.9,836.7,844.2,6619,1533,853.8
GESHIP,18-JUL-2019,259.0,262.8,255.5,258.3,56386,867,260.8
GET&D,18-JUL-2019,223.15,223.7,215.0,216.0,17502,1331,223.15
GHCL,18-JUL-2019,222.7,222.7,212.1,213.25,93282,2203,220.15
GICHSGFIN,18-JUL-2019,255.8,259.5,247.55,248.85,48212,2815,255.8
GICRE,18-JUL-2019,225.45,228.5,224.5,225.5,79953,2372,226.1
GILLANDERS,18-JUL-2019,38.5,38.5,36.6,37.1,1260,24,38.7
GILLETTE,18-JUL-2019,7020.0,7100.0,6964.9,7064.75,3025,1126,7001.7
GINNIFILA,18-JUL-2019,9.1,9.35,8.6,8.95,20606,105,9.0
GIPCL,18-JUL-2019,73.1,73.1,70.55,71.25,22677,406,72.8
GKWLIMITED,18-JUL-2019,586.95,649.35,586.9,640.25,225,44,608.6
GLAXO,18-JUL-2019,1184.55,1193.0,1166.0,1170.5,11559,1071,1184.3
GLENMARK,18-JUL-2019,446.7,448.5,438.25,440.85,783574,31273,446.55
GLOBAL,18-JUL-2019,108.75,108.75,78.15,94.15,5000,4,94.0
GLOBALVECT,18-JUL-2019,55.9,55.9,52.25,52.45,3084,91,54.5
GLOBOFFS,18-JUL-2019,7.45,7.6,7.05,7.1,11532,76,7.4
GLOBUSSPR,18-JUL-2019,122.1,123.5,118.0,120.2,20232,838,122.65
GMBREW,18-JUL-2019,417.0,419.85,401.2,405.35,20906,1392,420.0
GMDCLTD,18-JUL-2019,72.25,72.8,71.15,71.6,43771,839,72.8
GMMPFAUDLR,18-JUL-2019,1328.0,1364.9,1312.25,1346.75,4001,474,1328.0
GMRINFRA,18-JUL-2019,15.0,15.15,14.7,14.85,9267276,2962,15.05
GNA,18-JUL-2019,265.05,266.0,257.0,260.0,38043,1648,265.05
GNFC,18-JUL-2019,229.5,229.5,223.2,224.05,154035,4670,229.5
GOACARBON,18-JUL-2019,312.95,315.95,304.65,307.6,40381,1747,313.05
GOCLCORP,18-JUL-2019,242.95,243.0,232.0,237.5,4192,167,239.6
GODFRYPHLP,18-JUL-2019,774.3,790.0,769.0,782.35,34705,1932,773.25
GODREJAGRO,18-JUL-2019,493.2,494.9,486.5,487.9,128053,1778,495.5
GODREJCP,18-JUL-2019,645.95,651.9,639.0,644.1,653799,21692,644.35
GODREJIND,18-JUL-2019,473.0,486.9,473.0,483.7,147075,8446,476.35
GODREJPROP,18-JUL-2019,989.9,997.0,970.0,977.25,152367,12236,989.9
GOENKA,18-JUL-2019,0.3,0.3,0.25,0.25,16513,23,0.3
GOKEX,18-JUL-2019,94.15,94.8,91.1,91.55,25962,355,94.75
GOKUL,18-JUL-2019,12.4,13.2,12.4,13.0,1108,35,12.9
GOKULAGRO,18-JUL-2019,12.2,12.2,11.65,11.95,6800,47,11.65
GOLDBEES,18-JUL-2019,3070.2,3103.1,3070.15,3096.25,49565,2081,3048.65
GOLDENTOBC,18-JUL-2019,32.5,32.8,29.25,30.15,534,30,32.5
GOLDIAM,18-JUL-2019,109.0,110.95,107.0,107.05,31210,648,109.9
GOLDSHARE,18-JUL-2019,3095.0,3109.8,3086.0,3102.5,1359,198,3071.95
GOLDTECH,18-JUL-2019,10.6,11.05,10.25,10.6,17861,143,10.6
GOODLUCK,18-JUL-2019,64.35,64.4,62.35,63.05,8727,178,64.7
GPIL,18-JUL-2019,196.4,196.4,185.25,187.5,41970,1740,193.55
GPPL,18-JUL-2019,81.5,82.4,80.55,81.15,50995,776,81.5
GPTINFRA,18-JUL-2019,42.5,44.0,41.25,41.4,2162,47,42.5
GRANULES,18-JUL-2019,94.05,95.0,93.1,93.55,143061,1978,94.7
GRAPHITE,18-JUL-2019,301.45,303.45,281.0,285.75,1186003,35459,301.45
GRASIM,18-JUL-2019,924.95,926.45,905.45,907.7,692689,28649,926.7
GRAVITA,18-JUL-2019,50.8,50.8,43.85,44.9,97769,1217,50.5
GREAVESCOT,18-JUL-2019,134.15,136.7,133.85,136.05,183036,4769,134.15
GREENLAM,18-JUL-2019,736.0,786.35,736.0,765.1,1674,104,751.3
GREENPLY,18-JUL-2019,129.3,136.1,129.3,129.3,73022,494,136.1
GREENPOWER,18-JUL-2019,5.1,5.1,4.7,4.95,303051,424,4.9
GRINDWELL,18-JUL-2019,581.45,585.0,573.0,580.8,3078,382,585.05
GROBTEA,18-JUL-2019,291.05,298.55,278.05,290.5,218,25,298.0
GRPLTD,18-JUL-2019,903.0,931.95,903.0,929.0,7,7,925.0
GRSE,18-JUL-2019,126.0,135.8,125.95,131.85,978042,17806,125.8
GRUH,18-JUL-2019,283.6,285.55,281.1,282.3,541557,15916,283.8
GSCLCEMENT,18-JUL-2019,19.0,19.5,19.0,19.1,9792,72,19.3
GSFC,18-JUL-2019,87.4,87.8,86.75,87.0,479120,3728,87.3
GSKCONS,18-JUL-2019,7540.0,7540.0,7408.25,7474.05,13274,3689,7538.4
GSPL,18-JUL-2019,211.0,214.4,204.1,208.65,254078,7063,209.45
GSS,18-JUL-2019,42.75,42.75,42.75,42.75,2850,61,45.0
GTL,18-JUL-2019,2.6,2.65,2.5,2.6,30028,46,2.6
GTLINFRA,18-JUL-2019,0.75,0.75,0.65,0.65,2636657,328,0.7
GTNIND,18-JUL-2019,6.6,7.5,6.4,6.6,10334,81,7.0
GTNTEX,18-JUL-2019,7.55,8.45,7.55,8.45,1406,23,8.15
GTPL,18-JUL-2019,87.25,95.8,85.35,89.25,678801,6599,88.7
GUFICBIO,18-JUL-2019,70.45,70.85,68.3,69.45,21258,438,70.2
GUJALKALI,18-JUL-2019,487.95,490.9,472.15,474.2,17668,2017,487.75
GUJAPOLLO,18-JUL-2019,134.7,134.7,120.45,123.05,458,98,126.8
GUJFLUORO,18-JUL-2019,925.2,954.0,916.1,941.1,63061,3490,925.2
GUJGASLTD,18-JUL-2019,164.0,165.4,161.6,163.1,211666,6277,164.0
GUJRAFFIA,18-JUL-2019,10.8,10.8,10.8,10.8,100,1,11.2
GULFOILLUB,18-JUL-2019,848.9,848.9,811.5,823.05,6628,404,838.1
GULFPETRO,18-JUL-2019,48.65,48.65,41.25,42.6,44309,614,46.7
GULPOLY,18-JUL-2019,39.95,41.45,38.1,39.4,8727,187,39.2
GVKPIL,18-JUL-2019,5.65,5.65,5.35,5.4,1291629,1096,5.6
HAL,18-JUL-2019,675.1,681.5,671.0,675.25,7995,642,675.1
HARITASEAT,18-JUL-2019,407.0,413.25,392.35,394.1,13175,702,414.85
HARRMALAYA,18-JUL-2019,65.9,66.45,64.2,64.7,7448,207,66.2
HATHWAY,18-JUL-2019,22.4,22.4,21.15,21.3,116628,827,22.1
HATSUN,18-JUL-2019,703.0,714.4,701.0,704.3,4915,460,704.05
HAVELLS,18-JUL-2019,726.15,734.3,712.95,717.55,1120030,36634,729.85
HAVISHA,18-JUL-2019,0.75,0.75,0.75,0.75,1155,3,0.8
HBLPOWER,18-JUL-2019,22.75,22.9,22.1,22.15,105813,483,22.85
HBSL,18-JUL-2019,7.2,7.2,7.2,7.2,10,1,7.2
HCC,18-JUL-2019,10.2,10.2,9.9,10.0,824811,1649,10.2
HCG,18-JUL-2019,132.0,132.0,127.75,127.95,23732,315,133.1
HCL-INSYS,18-JUL-2019,11.8,11.8,11.15,11.35,278123,968,11.8
HCLTECH,18-JUL-2019,1033.4,1037.0,1016.0,1018.55,1304150,77594,1040.75
HDFC,18-JUL-2019,2287.95,2357.85,2285.55,2345.15,4047413,249224,2286.7
HDFCAMC,18-JUL-2019,2065.3,2192.0,2065.3,2170.0,1132963,68605,2075.4
HDFCBANK,18-JUL-2019,2403.0,2429.0,2401.9,2411.9,2700646,95138,2397.45
HDFCLIFE,18-JUL-2019,498.8,510.5,497.5,503.55,3115748,117941,497.15
HDFCMFGETF,18-JUL-2019,3141.15,3173.85,3141.15,3169.95,1526,336,3119.15
HDFCNIFETF,18-JUL-2019,1219.57,1221.31,1214.34,1216.02,1307,41,1221.24
HDFCSENETF,18-JUL-2019,4120.3,4124.31,4118.0,4120.85,142,29,4118.0
HDIL,18-JUL-2019,14.5,14.55,13.9,14.1,1321484,3561,14.55
HEG,18-JUL-2019,1169.0,1194.0,1110.0,1113.75,421309,26514,1169.55
HEIDELBERG,18-JUL-2019,200.0,204.8,196.1,199.0,236180,3388,200.15
HEOF1126RG,18-JUL-2019,9.89,9.89,9.88,9.88,5000,2,9.88
HERCULES,18-JUL-2019,95.5,95.5,91.5,92.2,10388,467,96.25
HERITGFOOD,18-JUL-2019,373.55,373.55,357.2,359.75,80916,3968,369.45
HEROMOTOCO,18-JUL-2019,2519.9,2555.0,2466.65,2479.45,977841,62221,2522.95
HESTERBIO,18-JUL-2019,1740.55,1746.75,1698.0,1704.25,3126,370,1742.35
HEXATRADEX,18-JUL-2019,13.65,14.6,13.65,14.6,428,12,14.1
HEXAWARE,18-JUL-2019,357.0,366.4,350.5,360.9,994239,16956,359.1
HFCL,18-JUL-2019,20.55,20.65,20.0,20.05,1357580,1966,20.5
HGINFRA,18-JUL-2019,255.65,255.95,247.15,251.1,18819,681,253.05
HGS,18-JUL-2019,619.5,639.75,619.5,632.8,8902,688,631.45
HHOF1140RG,18-JUL-2019,8.77,8.77,8.77,8.77,1000,1,8.86
HIGHGROUND,18-JUL-2019,2.15,2.3,2.1,2.25,104674,112,2.2
HIKAL,18-JUL-2019,163.1,163.1,157.9,158.75,98945,1928,162.8
HIL,18-JUL-2019,1463.45,1474.35,1441.05,1446.75,2467,452,1461.0
HILTON,18-JUL-2019,11.25,11.25,11.05,11.15,738,12,11.55
HIMATSEIDE,18-JUL-2019,159.15,160.0,153.05,154.1,51592,1311,158.75
HINDALCO,18-JUL-2019,201.9,202.9,199.35,200.55,5174253,41235,203.45
HINDCOMPOS,18-JUL-2019,185.0,189.45,175.6,180.4,1246,116,185.95
HINDCOPPER,18-JUL-2019,37.45,37.5,36.6,36.75,350632,1984,37.55
HINDMOTORS,18-JUL-2019,6.45,6.65,6.25,6.4,56187,280,6.5
HINDNATGLS,18-JUL-2019,22.7,22.7,22.7,22.7,911,9,21.65
HINDOILEXP,18-JUL-2019,127.75,130.5,126.7,128.35,172053,2460,129.65
HINDPETRO,18-JUL-2019,297.0,298.3,290.65,291.2,2742176,47921,297.0
HINDUJAVEN,18-JUL-2019,317.0,323.05,317.0,320.6,1878,110,320.55
HINDUNILVR,18-JUL-2019,1766.0,1766.0,1709.0,1739.15,1006299,58543,1760.7
HINDZINC,18-JUL-2019,230.25,230.55,224.4,225.1,490840,10302,230.5
HIRECT,18-JUL-2019,117.25,121.95,117.0,119.25,2846,84,121.0
HISARMETAL,18-JUL-2019,48.0,48.8,46.0,47.1,1644,52,48.9
HITECH,18-JUL-2019,260.0,267.55,246.05,249.6,4133,278,273.15
HITECHCORP,18-JUL-2019,80.5,82.0,77.3,77.55,1592,29,81.0
HITECHGEAR,18-JUL-2019,210.55,210.55,200.2,202.25,1379,166,212.05
HMT,18-JUL-2019,14.6,15.0,14.25,14.8,1330,17,14.8
HMVL,18-JUL-2019,90.65,93.35,83.4,84.65,7414,430,90.15
HNGSNGBEES,18-JUL-2019,3115.0,3115.0,2966.16,2975.07,24,18,3025.0
HONAUT,18-JUL-2019,22556.0,23075.0,22225.0,22438.7,4099,612,22662.9
HONDAPOWER,18-JUL-2019,855.0,874.45,851.1,852.2,2159,252,856.75
HOTELEELA,18-JUL-2019,8.1,8.2,7.9,7.95,77250,228,8.1
HOVS,18-JUL-2019,65.0,67.5,63.1,64.05,22567,761,64.4
HPL,18-JUL-2019,52.85,53.65,51.25,51.55,33794,465,53.45
HSCL,18-JUL-2019,93.4,93.9,91.0,91.2,316521,4261,91.9
HSIL,18-JUL-2019,233.25,234.8,224.0,224.9,132707,1980,233.55
HTMEDIA,18-JUL-2019,27.15,27.5,26.0,26.1,16069,188,27.15
HUBTOWN,18-JUL-2019,18.5,18.5,17.3,17.55,20668,155,18.0
HUDCO,18-JUL-2019,38.4,38.6,37.7,37.8,599932,2975,38.4
HUDCO,18-JUL-2019,1166.0,1166.0,1162.02,1162.02,85,4,1162.99
HUDCO,18-JUL-2019,1087.9,1095.0,1087.9,1095.0,10,6,1089.99
HUDCO,18-JUL-2019,1080.05,1080.05,1080.0,1080.0,201,4,1066.01
HUDCO,18-JUL-2019,1128.0,1130.0,1127.01,1130.0,575,7,1135.6
HUDCO,18-JUL-2019,1143.0,1156.1,1143.0,1156.1,499,3,1170.0
HUDCO,18-JUL-2019,1175.0,1175.0,1168.06,1170.0,1116,5,1169.0
HUDCO,18-JUL-2019,1250.0,1250.0,1250.0,1250.0,77,1,1259.92
IBMFNIFTY,18-JUL-2019,115.8,116.5,113.58,115.03,1850,26,113.9
IBREALEST,18-JUL-2019,115.0,115.75,111.2,112.3,2432152,22138,115.4
IBUCCREDIT,18-JUL-2019,930.0,979.0,930.0,977.0,99,3,991.0
IBUCCREDIT,18-JUL-2019,967.55,967.55,967.55,967.55,10,2,915.01
IBUCCREDIT,18-JUL-2019,825.0,825.0,825.0,825.0,65,5,821.0
IBULHSGFIN,18-JUL-2019,664.0,678.2,651.0,659.1,9512911,189296,668.2
IBULHSGFIN,18-JUL-2019,1050.0,1050.0,1050.0,1050.0,20,1,1055.11
IBULHSGFIN,18-JUL-2019,810.0,810.0,810.0,810.0,50,1,815.0
IBULHSGFIN,18-JUL-2019,996.99,996.99,924.0,924.0,21,2,899.99
IBULISL,18-JUL-2019,147.3,157.2,145.5,149.1,263905,3163,151.75
IBVENTURES,18-JUL-2019,166.0,169.75,163.0,164.1,40265,153,166.4
IBVENTURES,18-JUL-2019,291.0,294.85,285.75,290.5,581520,8668,290.5
ICEMAKE,18-JUL-2019,71.0,71.0,71.0,71.0,2000,1,71.0
ICFL,18-JUL-2019,906.1,969.79,906.1,969.79,20,2,920.1
ICFL,18-JUL-2019,920.1,920.1,920.1,920.1,10,1,950.0
ICFL,18-JUL-2019,971.0,990.0,965.25,990.0,61,3,990.0
ICFL,18-JUL-2019,943.0,964.0,943.0,964.0,103,4,944.0
ICICI500,18-JUL-2019,153.45,153.9,152.02,152.42,10287,73,153.7
ICICIB22,18-JUL-2019,37.18,38.9,36.63,37.66,2440570,4125,37.2
ICICIBANK,18-JUL-2019,425.0,425.5,417.5,418.65,10651654,116600,424.7
ICICIGI,18-JUL-2019,1043.0,1099.0,1027.05,1090.2,502484,43388,1051.85
ICICIGOLD,18-JUL-2019,30.05,31.95,30.05,31.4,17139,201,31.1
ICICILIQ,18-JUL-2019,999.95,1000.0,999.95,1000.0,9124,42,1000.0
ICICILOVOL,18-JUL-2019,89.11,89.12,88.33,88.68,40,8,88.85
ICICIMCAP,18-JUL-2019,65.0,65.0,64.07,64.21,4935,86,65.22
ICICINF100,18-JUL-2019,125.7,125.7,124.8,124.91,789,19,125.54
ICICINIFTY,18-JUL-2019,123.48,123.48,121.49,121.86,44568,3576,122.64
ICICINV20,18-JUL-2019,57.0,57.0,54.54,54.75,6103,70,55.65
ICICINXT50,18-JUL-2019,27.57,27.57,27.35,27.4,68724,173,27.55
ICICIPRULI,18-JUL-2019,391.0,392.4,382.5,383.7,1255005,19792,389.55
ICICISENSX,18-JUL-2019,416.0,418.0,411.66,411.66,124,10,414.7
ICIL,18-JUL-2019,33.4,33.55,32.4,32.6,50411,1205,33.35
ICRA,18-JUL-2019,3260.0,3260.0,3240.1,3249.9,576,150,3270.8
ICSA,18-JUL-2019,0.7,0.7,0.7,0.7,1309,10,0.65
IDBI,18-JUL-2019,35.0,35.05,34.3,34.45,2088363,4193,35.2
IDBIGOLD,18-JUL-2019,3220.05,3224.95,3202.0,3212.0,19,12,3190.1
IDEA,18-JUL-2019,11.95,11.95,11.2,11.3,41704209,29446,11.95
IDFC,18-JUL-2019,35.9,36.2,35.35,35.95,1386576,2657,35.95
IDFCFIRSTB,18-JUL-2019,42.9,43.0,41.6,41.8,11022699,16391,43.2
IDFCFIRSTB,18-JUL-2019,5078.0,5078.0,5065.0,5065.0,7,3,5040.0
IDFCFIRSTB,18-JUL-2019,9370.0,9370.0,9350.0,9356.0,24,4,9380.0
IDFCFIRSTB,18-JUL-2019,5016.0,5016.0,5016.0,5016.0,4,1,4963.0
IDFCFIRSTB,18-JUL-2019,4926.0,4926.0,4926.0,4926.0,2,1,4900.0
IDFCFIRSTB,18-JUL-2019,9070.0,9080.0,9070.0,9080.0,18,6,9080.0
IDFCFIRSTB,18-JUL-2019,9100.0,9100.0,9100.0,9100.0,1,1,9100.0
IDFCFIRSTB,18-JUL-2019,4930.0,4940.0,4912.01,4921.24,10,4,4940.0
IDFCFIRSTB,18-JUL-2019,8660.0,8700.0,8652.06,8700.0,28,7,8700.0
IDFNIFTYET,18-JUL-2019,120.03,120.03,120.03,120.03,4,2,120.25
IEX,18-JUL-2019,145.0,145.85,144.3,145.0,29102,512,145.05
IFBAGRO,18-JUL-2019,356.0,362.65,342.2,343.65,1932,271,356.0
IFBIND,18-JUL-2019,749.0,749.0,722.05,729.85,5398,668,741.35
IFCI,18-JUL-2019,8.5,8.6,8.25,8.35,872878,1095,8.6
IFCI,18-JUL-2019,1013.0,1020.0,1005.0,1005.0,375,10,1014.08
IFCI,18-JUL-2019,1465.0,1465.0,1465.0,1465.0,450,4,1651.0
IFGLEXPOR,18-JUL-2019,172.0,175.0,170.0,170.75,6165,270,175.75
IGARASHI,18-JUL-2019,244.0,250.65,226.85,228.9,48966,1398,238.75
IGL,18-JUL-2019,318.35,321.9,317.0,319.6,1185578,19076,319.05
IGPL,18-JUL-2019,226.05,228.45,225.0,225.1,13003,236,228.4
IIFL,18-JUL-2019,140.0,142.75,128.45,130.85,53209,4042,138.9
IIFLFIN,18-JUL-2019,911.16,911.16,905.0,909.59,91,4,931.05
IIFLFIN,18-JUL-2019,920.01,930.0,920.01,930.0,30,2,930.66
IIFLFIN,18-JUL-2019,950.0,950.0,940.0,940.0,319,8,950.78
IIFLFIN,18-JUL-2019,940.0,960.0,940.0,959.99,1251,9,936.27
IIFLFIN,18-JUL-2019,950.0,950.0,950.0,950.0,40,1,960.0
IIHFL,18-JUL-2019,1000.0,1001.0,1000.0,1001.0,581,7,1001.72
IIHFL,18-JUL-2019,1776.0,1776.0,1520.6,1765.0,508,30,1800.0
IITL,18-JUL-2019,72.0,74.0,61.8,70.2,2604,27,72.0
IL&FSENGG,18-JUL-2019,5.1,5.35,5.05,5.25,5025,29,5.2
IL&FSTRANS,18-JUL-2019,2.9,2.9,2.75,2.75,38267,61,2.85
IMFA,18-JUL-2019,183.85,187.2,178.0,179.5,12232,486,183.4
IMPAL,18-JUL-2019,835.0,853.0,835.0,835.95,683,41,835.0
IMPEXFERRO,18-JUL-2019,0.4,0.45,0.35,0.4,5078,7,0.4
INDBANK,18-JUL-2019,7.4,7.4,6.95,7.25,7868,117,7.2
INDHOTEL,18-JUL-2019,147.0,149.4,146.3,147.9,342317,8065,146.55
INDIACEM,18-JUL-2019,97.95,100.0,96.3,98.7,1979292,15982,98.35
INDIAGLYCO,18-JUL-2019,234.5,235.45,223.0,229.7,35187,1279,234.55
INDIAMART,18-JUL-2019,1275.0,1275.0,1262.0,1265.0,35414,1755,1284.1
INDIANB,18-JUL-2019,232.5,233.4,225.0,226.3,517966,8068,230.9
INDIANCARD,18-JUL-2019,96.0,100.2,95.3,96.1,199,15,100.3
INDIANHUME,18-JUL-2019,303.95,307.35,292.4,296.55,16749,693,303.6
INDIGO,18-JUL-2019,1463.0,1482.3,1445.6,1458.9,2725626,112665,1465.25
INDIGRID,18-JUL-2019,89.76,89.99,89.6,89.74,137781,26,89.99
INDLMETER,18-JUL-2019,22.25,23.25,20.6,21.5,4868,30,22.25
INDNIPPON,18-JUL-2019,390.6,392.25,385.6,390.85,3342,202,394.2
INDOCO,18-JUL-2019,165.15,165.95,160.0,160.05,3384,611,165.45
INDORAMA,18-JUL-2019,27.0,28.9,26.35,27.25,5067,75,27.5
INDOSOLAR,18-JUL-2019,0.95,1.0,0.9,0.95,65269,63,0.95
INDOSTAR,18-JUL-2019,355.05,355.05,348.0,350.1,16606,887,352.25
INDOTECH,18-JUL-2019,95.0,97.75,92.0,94.85,10132,125,95.0
INDOTHAI,18-JUL-2019,24.8,25.8,24.45,24.45,1119,113,25.25
INDOWIND,18-JUL-2019,4.15,4.15,3.6,3.7,48010,147,3.95
INDRAMEDCO,18-JUL-2019,36.5,37.2,36.5,36.65,18287,129,36.9
INDSWFTLAB,18-JUL-2019,31.0,31.9,30.8,31.1,18585,225,31.05
INDSWFTLTD,18-JUL-2019,4.1,4.1,3.8,3.95,10864,22,4.0
INDTERRAIN,18-JUL-2019,97.9,100.0,94.5,99.7,7667,289,97.9
INDUSINDBK,18-JUL-2019,1496.05,1503.0,1468.35,1471.45,2404071,77459,1501.25
INEOSSTYRO,18-JUL-2019,422.05,427.0,421.0,421.75,758,59,426.0
INFIBEAM,18-JUL-2019,42.65,42.65,41.85,42.0,773230,2421,42.65
INFOBEAN,18-JUL-2019,67.0,67.0,63.15,65.15,1256,41,64.1
INFRABEES,18-JUL-2019,332.5,332.5,328.9,329.2,484,31,333.14
INFRATEL,18-JUL-2019,264.0,264.75,261.5,263.15,1411051,21749,264.0
INFY,18-JUL-2019,789.05,798.5,786.2,792.7,6534471,148380,794.15
INGERRAND,18-JUL-2019,605.15,609.25,601.1,602.15,5778,508,606.8
INNOVANA,18-JUL-2019,265.1,265.1,265.1,265.1,400,1,275.0
INNOVATIVE,18-JUL-2019,17.2,17.75,16.05,17.75,12000,4,17.2
INOXLEISUR,18-JUL-2019,322.0,323.85,313.2,314.6,176724,2305,320.2
INOXWIND,18-JUL-2019,66.8,67.5,63.75,64.35,43840,923,66.8
INSECTICID,18-JUL-2019,680.75,686.95,676.9,680.75,31585,404,680.75
INSPIRISYS,18-JUL-2019,43.0,43.9,42.7,43.85,3715,79,43.8
INTELLECT,18-JUL-2019,271.9,272.9,255.65,266.6,2356571,7853,271.9
INTENTECH,18-JUL-2019,26.5,28.45,26.0,26.85,11056,67,26.7
INVENTURE,18-JUL-2019,12.2,12.95,12.2,12.75,293,12,12.9
IOB,18-JUL-2019,12.05,12.15,11.95,12.0,220866,651,12.1
IOC,18-JUL-2019,146.85,148.85,145.2,147.6,8934708,64997,146.85
IOLCP,18-JUL-2019,217.0,221.35,212.5,213.8,497030,8064,213.65
IPAPPM,18-JUL-2019,437.2,437.2,433.05,433.95,40470,3494,435.35
IPCALAB,18-JUL-2019,945.0,949.9,930.1,936.2,28858,4301,939.65
IPRU5008,18-JUL-2019,304.67,306.06,303.0,303.46,7901,44,306.08
IRB,18-JUL-2019,91.9,93.4,90.25,91.4,1123553,7808,91.95
IRBINVIT,18-JUL-2019,66.0,66.49,65.46,65.73,390000,42,66.02
IRCON,18-JUL-2019,391.35,391.45,386.1,386.8,21044,649,388.45
IREDA,18-JUL-2019,1109.71,1109.71,1109.71,1109.71,10,1,1116.0
IREDA,18-JUL-2019,1208.01,1208.01,1208.01,1208.01,15,1,1203.97
IREDA,18-JUL-2019,1185.0,1187.0,1185.0,1186.0,10,6,1175.0
IRFC,18-JUL-2019,1120.0,1135.99,1120.0,1132.99,1084,20,1122.0
IRFC,18-JUL-2019,1145.0,1145.0,1145.0,1145.0,80,2,1145.0
IRFC,18-JUL-2019,1248.0,1248.0,1200.0,1220.0,114,18,1221.0
IRFC,18-JUL-2019,1289.99,1289.99,1289.99,1289.99,10,1,1238.45
IRFC,18-JUL-2019,1165.0,1175.0,1165.0,1175.0,101,3,1170.0
IRFC,18-JUL-2019,1200.0,1224.4,1200.0,1221.58,220,7,1211.0
IRFC,18-JUL-2019,1194.0,1195.0,1190.0,1194.76,1736,23,1188.4
ISEC,18-JUL-2019,221.5,227.35,221.5,225.1,97498,2022,224.7
ISFT,18-JUL-2019,89.95,92.05,83.35,91.75,17884,380,87.7
ISMTLTD,18-JUL-2019,5.0,5.15,5.0,5.0,23833,37,5.0
ITC,18-JUL-2019,272.95,275.1,272.3,273.0,9096757,83228,272.9
ITDC,18-JUL-2019,227.6,229.0,215.0,216.15,24923,1211,229.5
ITDCEM,18-JUL-2019,91.0,91.75,88.3,91.3,78275,2248,91.85
ITI,18-JUL-2019,87.5,87.5,85.45,86.0,226791,2528,87.55
IVC,18-JUL-2019,3.75,3.9,3.65,3.7,129553,140,3.8
IVP,18-JUL-2019,83.5,83.5,79.0,79.95,439,13,80.45
IVRCLINFRA,18-JUL-2019,0.65,0.65,0.6,0.6,366536,103,0.65
IVZINGOLD,18-JUL-2019,3165.0,3165.0,3165.0,3165.0,1,1,3159.25
IZMO,18-JUL-2019,38.8,38.8,36.6,36.85,12734,230,39.0
J&KBANK,18-JUL-2019,39.2,39.35,38.25,38.35,280385,1489,39.2
JAGRAN,18-JUL-2019,97.45,99.0,96.3,98.45,23195,919,97.45
JAGSNPHARM,18-JUL-2019,23.75,24.1,23.4,24.0,4051,62,23.75
JAIBALAJI,18-JUL-2019,22.85,24.5,22.85,23.7,3897,26,23.75
JAICORPLTD,18-JUL-2019,97.0,97.4,94.0,95.25,564230,4380,97.95
JAINSTUDIO,18-JUL-2019,2.55,2.55,2.55,2.55,300,2,2.65
JAMNAAUTO,18-JUL-2019,46.1,46.4,45.0,45.25,267691,2422,45.95
JASH,18-JUL-2019,121.0,121.0,120.0,120.0,4800,4,122.0
JAYAGROGN,18-JUL-2019,166.0,168.7,157.6,158.2,14193,678,165.55
JAYBARMARU,18-JUL-2019,178.65,178.65,163.0,165.3,39980,1406,177.25
JAYNECOIND,18-JUL-2019,5.55,5.9,5.55,5.55,15935,52,5.8
JAYSREETEA,18-JUL-2019,51.05,51.35,50.5,50.7,11274,211,51.2
JBCHEPHARM,18-JUL-2019,372.0,380.0,369.05,370.0,20524,894,371.25
JBFIND,18-JUL-2019,11.5,11.5,10.75,10.85,52000,167,11.25
JBMA,18-JUL-2019,206.0,208.7,193.0,194.4,22026,829,206.55
JCHAC,18-JUL-2019,1634.95,1635.0,1571.25,1607.55,2474,284,1614.25
JETAIRWAYS,18-JUL-2019,48.4,49.6,44.9,44.9,366456,3113,47.25
JHS,18-JUL-2019,20.15,20.2,18.65,19.5,57220,243,19.75
JIKIND,18-JUL-2019,0.4,0.4,0.35,0.35,10700,17,0.4
JINDALPHOT,18-JUL-2019,18.2,18.8,17.9,17.9,7985,110,18.8
JINDALPOLY,18-JUL-2019,234.85,236.9,228.15,230.55,10425,601,236.15
JINDALSAW,18-JUL-2019,78.8,79.65,76.8,77.2,248157,2184,78.8
JINDALSTEL,18-JUL-2019,143.6,145.2,140.55,142.8,7243163,35261,144.45
JINDCOT,18-JUL-2019,2.2,2.2,2.15,2.2,14396,26,2.1
JINDRILL,18-JUL-2019,97.0,101.6,94.0,95.0,19301,385,100.95
JINDWORLD,18-JUL-2019,70.5,71.0,69.0,70.15,69913,431,70.5
JISLDVREQS,18-JUL-2019,17.6,18.0,17.6,17.75,8537,128,18.1
JISLJALEQS,18-JUL-2019,23.6,23.6,22.55,23.0,2253273,6730,23.6
JITFINFRA,18-JUL-2019,8.3,8.5,8.1,8.25,2468,16,8.5
JKCEMENT,18-JUL-2019,997.55,1000.85,972.9,976.35,30988,1979,990.9
JKIL,18-JUL-2019,151.3,151.3,143.0,144.0,55881,1328,149.8
JKLAKSHMI,18-JUL-2019,348.05,353.55,348.05,350.25,41568,1729,347.95
JKPAPER,18-JUL-2019,120.65,120.65,117.5,117.85,378635,4629,120.85
JKTYRE,18-JUL-2019,78.4,78.5,76.0,76.3,206864,2281,78.5
JMA,18-JUL-2019,27.95,27.95,27.35,27.85,208,10,27.5
JMCPROJECT,18-JUL-2019,129.0,131.2,125.65,129.0,34312,854,130.05
JMFINANCIL,18-JUL-2019,74.9,74.9,71.3,71.85,226504,3576,74.35
JMTAUTOLTD,18-JUL-2019,2.15,2.15,2.0,2.0,93100,38,2.1
JOCIL,18-JUL-2019,86.55,86.55,83.5,84.75,908,82,86.55
JPASSOCIAT,18-JUL-2019,2.7,2.75,2.6,2.65,3824013,1861,2.75
JPINFRATEC,18-JUL-2019,1.45,1.5,1.45,1.45,900005,283,1.5
JPOLYINVST,18-JUL-2019,19.65,19.75,19.0,19.25,838,16,18.85
JPPOWER,18-JUL-2019,2.2,2.2,2.0,2.0,955091,368,2.1
JSL,18-JUL-2019,31.5,31.55,30.7,31.0,142067,1306,31.5
JSLHISAR,18-JUL-2019,72.75,73.85,68.5,70.45,265277,3923,72.75
JSWENERGY,18-JUL-2019,72.4,72.4,70.85,71.75,538744,3792,71.85
JSWHL,18-JUL-2019,2845.55,2850.0,2840.0,2849.7,325,26,2856.3
JSWSTEEL,18-JUL-2019,270.0,270.75,264.9,266.1,3627824,38160,271.9
JSWSTEEL,18-JUL-2019,3.6,3.65,3.6,3.6,3855,17,3.6
JTEKTINDIA,18-JUL-2019,90.25,91.0,89.7,89.9,16359,289,90.55
JUBILANT,18-JUL-2019,465.25,468.15,451.45,453.7,207799,6422,468.25
JUBLFOOD,18-JUL-2019,1244.85,1271.0,1230.0,1245.85,902043,33999,1256.0
JUBLINDS,18-JUL-2019,85.7,89.9,83.05,83.7,3495,202,86.6
JUNIORBEES,18-JUL-2019,284.25,284.25,280.0,280.51,47693,825,282.45
JUSTDIAL,18-JUL-2019,750.0,768.35,747.0,759.9,2588386,49875,747.05
JVLAGRO,18-JUL-2019,1.5,1.5,1.45,1.5,35426,42,1.45
JYOTHYLAB,18-JUL-2019,162.45,163.0,157.0,160.0,37977,2658,163.05
KABRAEXTRU,18-JUL-2019,76.05,76.85,75.35,75.65,6795,75,76.75
KAJARIACER,18-JUL-2019,550.0,555.15,529.65,536.95,1181322,30320,556.9
KAKATCEM,18-JUL-2019,177.35,179.45,173.1,173.8,8643,316,178.45
KALPATPOWR,18-JUL-2019,514.9,517.95,509.95,510.6,32884,2117,513.75
KALYANIFRG,18-JUL-2019,212.05,217.4,210.05,211.1,240,10,212.05
KAMATHOTEL,18-JUL-2019,41.7,41.7,40.0,40.6,12450,171,40.85
KAMDHENU,18-JUL-2019,153.0,153.0,148.45,149.85,11877,141,151.35
KANANIIND,18-JUL-2019,3.8,4.0,3.8,3.95,360,5,4.0
KANORICHEM,18-JUL-2019,54.15,54.65,52.65,53.25,9301,227,54.5
KANSAINER,18-JUL-2019,435.0,436.55,419.85,423.8,55077,3062,433.3
KAPSTON,18-JUL-2019,110.25,110.25,86.15,94.05,3600,3,94.25
KARDA,18-JUL-2019,203.0,204.15,194.0,194.95,22462,535,203.9
KARMAENG,18-JUL-2019,13.7,14.45,13.15,13.6,982,14,13.55
KARURVYSYA,18-JUL-2019,68.5,68.65,67.0,67.4,261974,2763,68.2
KAUSHALYA,18-JUL-2019,0.5,0.5,0.5,0.5,5151,8,0.55
KAVVERITEL,18-JUL-2019,3.3,3.6,3.3,3.5,1655,11,3.45
KAYA,18-JUL-2019,509.5,510.0,492.0,495.9,3599,376,508.35
KCP,18-JUL-2019,80.65,81.35,78.15,80.25,86091,679,80.5
KCPSUGIND,18-JUL-2019,14.55,14.7,14.1,14.15,39254,169,14.5
KDDL,18-JUL-2019,386.1,413.0,385.0,391.75,854,73,393.6
KEC,18-JUL-2019,320.7,323.5,316.0,318.75,102887,3464,322.9
KECL,18-JUL-2019,12.35,12.4,12.05,12.25,25517,123,12.1
KEERTI,18-JUL-2019,72.5,72.5,72.5,72.5,2000,1,76.25
KEI,18-JUL-2019,466.4,473.0,456.0,458.2,53504,1751,466.1
KELLTONTEC,18-JUL-2019,25.5,25.5,23.6,23.85,98960,263,24.15
KERNEX,18-JUL-2019,25.25,26.0,25.25,25.85,2256,18,26.45
KESARENT,18-JUL-2019,34.05,36.4,34.05,34.6,2028,36,35.75
KESORAMIND,18-JUL-2019,62.5,64.4,62.5,62.8,90697,1051,62.9
KEYFINSERV,18-JUL-2019,42.35,42.35,42.35,42.35,45,1,42.4
KGL,18-JUL-2019,0.8,0.8,0.7,0.7,2105949,193,0.75
KHADIM,18-JUL-2019,267.0,272.55,261.05,263.6,2074,272,271.05
KHAITANELE,18-JUL-2019,1.6,1.6,1.55,1.6,2180,6,1.6
KHAITANLTD,18-JUL-2019,22.25,22.8,20.65,21.5,1519,50,23.9
KICL,18-JUL-2019,1761.25,1786.75,1742.15,1766.35,679,100,1767.75
KILITCH,18-JUL-2019,117.3,122.7,114.0,117.5,34790,1231,120.95
KINGFA,18-JUL-2019,610.1,625.55,606.6,609.55,617,103,614.1
KIOCL,18-JUL-2019,120.0,121.7,118.05,118.55,3755,154,119.2
KIRIINDUS,18-JUL-2019,526.65,530.0,509.0,511.9,79766,2898,522.3
KIRLOSBROS,18-JUL-2019,182.9,183.95,173.6,178.95,37181,1896,183.95
KIRLOSENG,18-JUL-2019,192.95,192.95,187.5,190.05,8989,510,193.35
KIRLOSIND,18-JUL-2019,775.0,790.35,770.0,782.95,168,36,778.2
KITEX,18-JUL-2019,93.35,95.05,93.15,93.8,19333,329,94.0
KKCL,18-JUL-2019,1051.0,1077.0,1031.0,1048.05,569,169,1070.8
KMSUGAR,18-JUL-2019,7.55,7.6,7.4,7.45,36386,148,7.5
KNRCON,18-JUL-2019,280.0,280.0,270.25,275.75,82845,3387,282.0
KOHINOOR,18-JUL-2019,17.5,17.5,16.5,16.8,40506,283,17.1
KOKUYOCMLN,18-JUL-2019,73.05,74.95,71.8,73.65,37610,286,73.3
KOLTEPATIL,18-JUL-2019,249.6,249.85,242.6,245.65,62308,1706,249.65
KOPRAN,18-JUL-2019,35.75,35.75,34.25,34.75,29415,357,35.75
KOTAKBANK,18-JUL-2019,1531.35,1543.25,1526.2,1538.25,2266820,59293,1534.6
KOTAKBKETF,18-JUL-2019,315.0,315.0,312.2,312.96,345911,206,315.58
KOTAKGOLD,18-JUL-2019,304.0,305.5,303.25,305.05,11621,273,301.4
KOTAKNIFTY,18-JUL-2019,120.0,120.85,119.95,120.37,100264,192,120.83
KOTAKNV20,18-JUL-2019,56.6,57.75,56.29,56.49,15227,155,56.74
KOTAKPSUBK,18-JUL-2019,310.0,314.99,305.11,306.0,1891,90,315.47
KOTARISUG,18-JUL-2019,10.05,10.35,9.8,9.8,13735,77,10.3
KOTHARIPET,18-JUL-2019,17.55,18.6,17.35,17.85,26344,130,17.6
KOTHARIPRO,18-JUL-2019,72.9,72.9,68.05,68.7,18265,231,69.8
KPITTECH,18-JUL-2019,87.05,88.15,85.0,86.2,114457,2308,88.05
KPRMILL,18-JUL-2019,589.85,595.0,589.85,594.05,11452,355,592.6
KRBL,18-JUL-2019,218.0,218.0,209.0,210.05,193270,3213,214.35
KREBSBIO,18-JUL-2019,75.0,75.0,72.5,73.4,3667,12,73.05
KRIDHANINF,18-JUL-2019,13.3,13.95,13.3,13.3,45091,214,13.95
KRISHANA,18-JUL-2019,55.0,55.0,55.0,55.0,20000,1,54.7
KSB,18-JUL-2019,680.0,683.95,665.95,668.35,3767,286,684.85
KSCL,18-JUL-2019,434.0,434.0,412.55,415.8,80974,5332,430.6
KSERASERA,18-JUL-2019,0.15,0.15,0.1,0.1,1090992,99,0.1
KSHITIJPOL,18-JUL-2019,24.65,25.25,24.65,25.25,8000,2,30.8
KSK,18-JUL-2019,0.7,0.7,0.65,0.65,337628,128,0.65
KSL,18-JUL-2019,195.05,198.85,192.0,192.8,23257,959,195.85
KTIL,18-JUL-2019,40.7,42.2,39.85,39.95,7983,183,41.9
KTKBANK,18-JUL-2019,99.4,99.45,96.4,96.7,1327519,11982,99.4
KWALITY,18-JUL-2019,3.55,3.7,3.45,3.5,584733,729,3.55
L&TFH,18-JUL-2019,121.8,122.25,116.8,117.2,8598183,47227,122.4
L&TFINANCE,18-JUL-2019,1032.0,1032.0,1030.0,1031.6,113,5,1031.0
L&TFINANCE,18-JUL-2019,1035.0,1035.0,1035.0,1035.0,50,1,1035.0
L&TFINANCE,18-JUL-2019,1046.0,1050.0,1046.0,1047.0,375,9,1055.0
L&TFINANCE,18-JUL-2019,1025.0,1025.0,1025.0,1025.0,1895,6,1024.95
L&TFINANCE,18-JUL-2019,1038.0,1038.0,1035.7,1036.46,400,7,1040.0
L&TFINANCE,18-JUL-2019,1036.0,1036.0,1036.0,1036.0,45,2,1038.5
L&TFINANCE,18-JUL-2019,1025.0,1025.0,1025.0,1025.0,56,4,1025.0
L&TFINANCE,18-JUL-2019,1065.0,1070.0,1063.0,1064.73,228,9,1028.25
L&TINFRA,18-JUL-2019,1013.0,1015.0,1013.0,1015.0,30,2,1012.61
L&TINFRA,18-JUL-2019,1831.0,1840.2,1831.0,1840.2,50,5,1831.0
L&TINFRA,18-JUL-2019,1013.01,1013.01,1013.01,1013.01,99,3,1008.5
L&TINFRA,18-JUL-2019,1805.0,1813.95,1805.0,1810.0,180,6,1805.69
L&TINFRA,18-JUL-2019,997.01,997.01,997.01,997.01,40,2,993.12
L&TINFRA,18-JUL-2019,1875.0,1890.0,1875.0,1883.08,305,17,1882.31
LAGNAM,18-JUL-2019,13.6,13.6,13.6,13.6,3000,1,14.1
LAKSHVILAS,18-JUL-2019,63.7,65.25,62.6,63.0,711480,3749,64.15
LALPATHLAB,18-JUL-2019,1092.0,1131.0,1072.65,1117.2,37913,5857,1092.9
LAMBODHARA,18-JUL-2019,36.85,36.85,34.55,36.05,8127,215,36.75
LAOPALA,18-JUL-2019,198.5,201.0,194.55,195.85,10917,580,199.95
LASA,18-JUL-2019,10.6,11.1,10.6,11.1,21917,132,10.6
LAURUSLABS,18-JUL-2019,355.0,358.95,350.0,350.25,14760,651,356.5
LAXMIMACH,18-JUL-2019,4576.0,4718.0,4559.55,4664.95,2434,939,4575.7
LEEL,18-JUL-2019,7.35,7.35,6.65,6.65,39716,152,7.0
LEMONTREE,18-JUL-2019,64.95,64.95,64.1,64.55,125848,1430,64.8
LFIC,18-JUL-2019,59.85,61.9,57.45,61.9,109,5,60.4
LGBBROSLTD,18-JUL-2019,294.95,298.95,265.0,270.15,28519,1430,294.95
LGBFORGE,18-JUL-2019,3.15,3.25,3.0,3.1,16629,54,3.15
LIBAS,18-JUL-2019,50.0,50.3,48.95,48.95,12000,4,51.5
LIBERTSHOE,18-JUL-2019,108.2,108.9,105.5,105.8,34880,638,108.45
LICHSGFIN,18-JUL-2019,550.0,550.0,532.0,533.95,1412175,48826,550.1
LICNETFGSC,18-JUL-2019,19.98,20.0,19.55,19.57,984,22,19.98
LICNETFN50,18-JUL-2019,122.3,122.3,119.75,119.75,15,5,120.4
LICNETFSEN,18-JUL-2019,455.2,482.0,455.2,482.0,2,2,470.65
LICNFNHGP,18-JUL-2019,122.2,122.2,120.1,121.95,8,3,122.25
LINCOLN,18-JUL-2019,154.0,157.0,154.0,155.85,3703,146,156.05
LINCPEN,18-JUL-2019,199.8,206.0,194.0,195.3,1156,94,197.8
LINDEINDIA,18-JUL-2019,500.0,506.9,500.0,503.6,6574,318,503.6
LIQUIDBEES,18-JUL-2019,1000.0,1000.01,999.99,1000.0,585705,3145,1000.0
LIQUIDETF,18-JUL-2019,1000.04,1000.04,999.99,1000.0,7689,45,1000.0
LOKESHMACH,18-JUL-2019,44.55,46.15,43.6,44.2,18497,239,44.9
LOTUSEYE,18-JUL-2019,19.4,19.8,18.6,18.8,1083,23,19.05
LOVABLE,18-JUL-2019,68.5,68.9,66.0,66.9,7959,269,68.85
LPDC,18-JUL-2019,2.4,2.4,2.4,2.4,2604,6,2.4
LSIL,18-JUL-2019,0.55,0.55,0.5,0.5,824470,117,0.55
LT,18-JUL-2019,1444.8,1454.95,1432.0,1435.2,2342881,145136,1455.45
LTI,18-JUL-2019,1618.95,1638.5,1573.25,1576.25,138663,12678,1618.6
LTTS,18-JUL-2019,1670.0,1670.0,1640.0,1660.45,39459,4187,1662.85
LUMAXIND,18-JUL-2019,1190.0,1190.0,1137.0,1140.8,1222,327,1176.0
LUMAXTECH,18-JUL-2019,96.0,98.0,91.5,92.35,21758,616,96.8
LUPIN,18-JUL-2019,772.4,775.0,752.7,756.15,687673,23382,771.95
LUXIND,18-JUL-2019,1113.0,1125.0,1100.45,1118.8,43977,1671,1112.7
LYKALABS,18-JUL-2019,20.65,21.5,20.45,20.65,3934,45,20.75
LYPSAGEMS,18-JUL-2019,4.7,4.9,4.55,4.6,7390,31,4.7
M&M,18-JUL-2019,613.9,616.45,595.0,597.4,4915489,100673,617.95
M&MFIN,18-JUL-2019,384.4,384.85,375.6,377.4,736939,17280,384.0
M&MFIN,18-JUL-2019,1010.1,1011.4,1010.1,1010.79,259,7,1008.3
M100,18-JUL-2019,17.89,17.9,17.6,17.61,28488,129,17.87
M15RD,18-JUL-2019,6.3,6.3,6.3,6.3,500,1,6.31
M50,18-JUL-2019,114.07,114.07,112.66,113.55,159,14,113.25
MAANALU,18-JUL-2019,77.5,78.45,74.5,75.3,2981,103,77.45
MACPOWER,18-JUL-2019,120.0,120.0,115.0,120.0,2500,5,122.05
MADHAV,18-JUL-2019,34.3,35.0,32.0,34.35,1017,33,34.3
MADHUCON,18-JUL-2019,5.3,5.5,5.25,5.4,27219,53,5.5
MADRASFERT,18-JUL-2019,22.9,22.95,21.7,21.9,133688,792,22.9
MAGADSUGAR,18-JUL-2019,114.15,118.0,110.1,110.35,35569,439,115.85
MAGMA,18-JUL-2019,95.0,95.5,86.9,87.75,317582,4094,95.65
MAGNUM,18-JUL-2019,4.55,4.55,4.55,4.55,200,1,4.6
MAHABANK,18-JUL-2019,15.85,15.85,15.5,15.5,176335,653,15.85
MAHAPEXLTD,18-JUL-2019,84.55,84.55,84.55,84.55,14,1,89.0
MAHASTEEL,18-JUL-2019,149.85,149.85,142.5,143.3,2277,42,145.7
MAHESHWARI,18-JUL-2019,250.0,263.15,250.0,260.95,27415,181,258.9
MAHINDCIE,18-JUL-2019,218.95,219.9,215.05,218.65,47731,2018,218.95
MAHLIFE,18-JUL-2019,415.0,420.7,398.35,401.65,73185,3310,419.7
MAHLOG,18-JUL-2019,452.8,456.5,446.45,449.2,22460,671,452.75
MAHSCOOTER,18-JUL-2019,4225.0,4228.05,4150.0,4183.6,1354,472,4205.7
MAHSEAMLES,18-JUL-2019,428.2,436.1,424.0,434.65,7407,805,430.3
MAITHANALL,18-JUL-2019,537.9,538.95,506.6,509.6,17991,1901,533.75
MAJESCO,18-JUL-2019,545.0,548.8,529.9,530.8,33605,1293,549.1
MALUPAPER,18-JUL-2019,20.2,20.25,19.55,19.7,1815,22,20.2
MAN50ETF,18-JUL-2019,117.4,117.4,116.5,116.6,245,6,117.7
MANAKALUCO,18-JUL-2019,5.45,5.5,5.25,5.4,1736,20,5.45
MANAKCOAT,18-JUL-2019,4.1,4.1,3.95,4.0,5822,20,4.1
MANAKSIA,18-JUL-2019,35.3,36.15,34.55,34.85,3117,104,35.9
MANAKSTEEL,18-JUL-2019,16.4,16.65,16.4,16.4,2215,28,16.45
MANALIPETC,18-JUL-2019,23.5,23.5,22.2,22.55,114834,597,23.2
MANAPPURAM,18-JUL-2019,133.65,133.65,128.6,129.25,4135402,16897,134.05
MANGALAM,18-JUL-2019,37.1,37.1,37.1,37.1,6764,41,35.35
MANGCHEFER,18-JUL-2019,33.45,33.8,32.75,33.35,20912,211,33.45
MANGLMCEM,18-JUL-2019,243.2,243.2,234.0,235.4,6074,302,241.25
MANGTIMBER,18-JUL-2019,8.9,9.7,8.85,9.25,4242,21,9.3
MANINDS,18-JUL-2019,48.5,48.5,46.5,47.75,27730,445,48.8
MANINFRA,18-JUL-2019,27.95,27.95,26.5,26.7,103526,689,27.95
MANPASAND,18-JUL-2019,33.5,33.8,31.6,31.6,770983,3877,33.25
MANUGRAPH,18-JUL-2019,16.85,16.85,16.2,16.45,1369,29,16.75
MARALOVER,18-JUL-2019,18.5,19.45,18.5,18.5,29218,46,18.75
MARATHON,18-JUL-2019,86.55,86.8,83.55,84.95,9755,128,87.5
MARICO,18-JUL-2019,371.0,373.15,369.15,370.35,1067632,27411,372.4
MARINE,18-JUL-2019,101.75,102.5,99.0,99.0,12000,6,102.5
MARKSANS,18-JUL-2019,18.25,18.35,17.6,17.75,507560,1723,18.25
MARUTI,18-JUL-2019,6054.4,6055.7,5857.5,5882.35,1097857,105839,6075.7
MASFIN,18-JUL-2019,596.6,608.85,594.0,596.3,2064,218,608.75
MASKINVEST,18-JUL-2019,40.0,40.0,40.0,40.0,1,1,40.8
MASTEK,18-JUL-2019,458.0,462.0,454.95,455.2,13529,637,458.65
MATRIMONY,18-JUL-2019,603.95,604.0,586.2,589.75,615,35,604.35
MAWANASUG,18-JUL-2019,41.9,42.3,40.25,40.45,114814,839,42.2
MAXINDIA,18-JUL-2019,63.75,63.75,62.45,63.0,131730,438,63.1
MAXVIL,18-JUL-2019,39.0,40.1,38.8,39.2,15908,249,40.3
MAYURUNIQ,18-JUL-2019,265.45,265.45,256.95,258.3,11794,624,263.15
MAZDA,18-JUL-2019,396.0,402.0,390.0,392.6,389,63,395.8
MBECL,18-JUL-2019,2.45,2.5,2.4,2.4,9954,26,2.5
MBLINFRA,18-JUL-2019,6.45,6.65,6.2,6.5,35058,80,6.5
MCDHOLDING,18-JUL-2019,17.0,17.7,16.55,17.15,6993,79,17.2
MCDOWELL-N,18-JUL-2019,596.85,609.5,594.0,601.85,2394106,59877,596.85
MCL,18-JUL-2019,240.3,250.0,233.0,245.25,26400,11,240.45
MCLEODRUSS,18-JUL-2019,13.95,13.95,12.65,12.65,988124,1792,13.3
MCX,18-JUL-2019,855.25,877.8,841.3,871.15,1136811,29452,854.05
MDL,18-JUL-2019,23.0,23.0,23.0,23.0,2000,1,23.0
MEGASOFT,18-JUL-2019,7.0,7.05,7.0,7.05,1298,6,7.15
MEGH,18-JUL-2019,59.8,60.2,57.0,57.15,601087,4221,59.7
MELSTAR,18-JUL-2019,1.5,1.5,1.5,1.5,8,1,1.5
MENONBE,18-JUL-2019,70.5,71.85,68.0,68.7,15425,334,70.4
MEP,18-JUL-2019,32.0,38.9,31.5,33.45,2861749,11753,33.35
MERCATOR,18-JUL-2019,2.0,2.0,2.0,2.0,104568,75,1.95
METALFORGE,18-JUL-2019,7.8,7.8,7.8,7.8,1375,13,8.2
METKORE,18-JUL-2019,0.35,0.45,0.35,0.35,1110,6,0.4
METROPOLIS,18-JUL-2019,1035.05,1050.0,1025.0,1026.75,15555,2718,1038.95
MFSL,18-JUL-2019,428.0,432.3,418.85,422.35,406018,6374,427.55
MGL,18-JUL-2019,799.95,802.0,789.25,792.3,151314,9125,800.2
MHHL,18-JUL-2019,17.1,17.1,17.05,17.05,6000,2,17.9
MHRIL,18-JUL-2019,227.25,231.55,226.5,227.3,36239,530,228.7
MIC,18-JUL-2019,0.65,0.75,0.65,0.65,72938,34,0.7
MIDHANI,18-JUL-2019,120.25,121.5,117.0,118.25,32845,642,120.25
MIL,18-JUL-2019,13.3,13.3,13.3,13.3,2252,17,12.7
MILTON,18-JUL-2019,11.2,11.2,11.2,11.2,8000,2,11.75
MINDACORP,18-JUL-2019,107.95,107.95,101.45,102.85,572215,1732,107.0
MINDAIND,18-JUL-2019,313.0,315.0,294.7,297.9,123501,7107,315.5
MINDTECK,18-JUL-2019,38.8,39.9,37.5,37.9,3448,78,38.05
MINDTREE,18-JUL-2019,695.4,726.25,670.95,690.65,12637247,260568,750.7
MIRCELECTR,18-JUL-2019,15.65,16.0,13.7,14.45,222242,853,15.65
MIRZAINT,18-JUL-2019,64.9,64.95,62.3,62.95,76224,876,64.9
MITTAL,18-JUL-2019,103.5,103.5,103.5,103.5,5000,1,103.0
MKPL,18-JUL-2019,71.8,71.85,71.8,71.8,10000,5,71.5
MMFL,18-JUL-2019,424.9,430.0,390.0,418.7,15891,1046,417.75
MMP,18-JUL-2019,161.2,161.25,161.1,161.25,1800,3,163.0
MMTC,18-JUL-2019,22.55,22.65,22.2,22.25,282415,1181,22.55
MOHITIND,18-JUL-2019,5.8,5.8,5.55,5.7,218,12,5.75
MOHOTAIND,18-JUL-2019,16.25,17.95,16.25,17.9,27752,75,17.1
MOIL,18-JUL-2019,149.85,149.85,147.9,148.2,37092,889,149.15
MOKSH,18-JUL-2019,19.6,19.6,19.6,19.6,6000,2,19.5
MOLDTECH,18-JUL-2019,52.95,53.2,52.25,52.3,4654,57,53.1
MOLDTKPAC,18-JUL-2019,262.9,263.95,257.05,261.85,8111,435,256.2
MONSANTO,18-JUL-2019,2209.0,2209.0,2121.0,2129.6,2184,526,2184.5
MONTECARLO,18-JUL-2019,287.8,287.8,280.0,280.55,6181,347,287.8
MORARJEE,18-JUL-2019,10.9,11.3,10.5,10.65,4750,47,11.1
MOREPENLAB,18-JUL-2019,17.4,17.45,16.85,16.9,238538,799,17.25
MOTHERSUMI,18-JUL-2019,118.3,118.3,115.15,116.5,4790366,34073,118.45
MOTILALOFS,18-JUL-2019,645.1,649.9,620.75,624.75,26896,2208,646.8
MOTOGENFIN,18-JUL-2019,42.5,42.5,42.5,42.5,465,4,42.5
MPHASIS,18-JUL-2019,921.95,940.9,915.25,933.95,186943,6715,919.3
MPSLTD,18-JUL-2019,556.8,562.0,538.3,553.5,7959,637,560.85
MPTODAY,18-JUL-2019,32.55,32.55,32.55,32.55,2000,1,34.25
MRF,18-JUL-2019,56005.0,56252.75,55406.05,55538.4,3075,1677,56004.7
MRO-TEK,18-JUL-2019,27.55,28.75,26.25,28.45,1078,26,27.5
MRPL,18-JUL-2019,59.4,59.6,57.75,58.0,279212,3302,59.4
MSPL,18-JUL-2019,6.6,6.6,6.05,6.3,3355,57,6.6
MSTCLTD,18-JUL-2019,96.0,96.0,91.55,93.0,72249,756,96.3
MTEDUCARE,18-JUL-2019,31.6,33.2,31.05,32.5,38770,327,32.8
MTNL,18-JUL-2019,7.5,7.55,7.2,7.25,854778,1321,7.5
MUKANDENGG,18-JUL-2019,17.65,18.8,15.4,15.95,90876,624,17.45
MUKANDLTD,18-JUL-2019,34.0,36.6,33.8,35.15,38506,349,34.25
MUKANDLTD,18-JUL-2019,5.5,6.0,5.5,6.0,42,3,6.1
MUKTAARTS,18-JUL-2019,36.05,36.05,35.0,35.15,2523,52,35.95
MUNJALAU,18-JUL-2019,37.4,37.6,36.1,36.25,32254,386,37.55
MUNJALSHOW,18-JUL-2019,138.4,141.0,135.0,135.75,12986,540,138.4
MURUDCERA,18-JUL-2019,16.65,16.95,16.3,16.65,16559,165,16.55
MUTHOOTCAP,18-JUL-2019,601.05,601.05,560.3,569.05,11547,831,601.3
MUTHOOTFIN,18-JUL-2019,632.2,635.05,623.25,625.95,439237,14625,633.5
MVL,18-JUL-2019,0.2,0.2,0.15,0.15,197752,45,0.2
N100,18-JUL-2019,541.48,541.48,531.11,537.53,13907,339,541.47
NABARD,18-JUL-2019,1155.0,1159.95,1155.0,1159.95,3195,17,1164.0
NACLIND,18-JUL-2019,28.85,29.25,28.25,28.7,15630,86,29.05
NAGAFERT,18-JUL-2019,5.15,5.25,4.9,4.9,189234,325,5.15
NAGAROIL,18-JUL-2019,0.25,0.3,0.2,0.25,972086,179,0.25
NAGREEKCAP,18-JUL-2019,8.35,8.35,6.65,7.4,6313,82,7.7
NAGREEKEXP,18-JUL-2019,17.4,17.4,16.5,16.8,782,14,17.0
NAHARCAP,18-JUL-2019,74.0,74.0,72.2,72.2,552,26,74.1
NAHARINDUS,18-JUL-2019,29.8,30.2,29.2,30.0,8627,87,30.15
NAHARPOLY,18-JUL-2019,33.0,33.0,30.2,30.9,6617,54,32.15
NAHARSPING,18-JUL-2019,65.1,65.1,63.65,64.05,6372,70,65.2
NATCOPHARM,18-JUL-2019,517.0,519.4,508.35,511.85,76328,4533,516.8
NATHBIOGEN,18-JUL-2019,394.95,395.0,385.0,388.55,5571,342,395.9
NATIONALUM,18-JUL-2019,47.2,47.45,46.35,46.45,5467934,12206,47.5
NATNLSTEEL,18-JUL-2019,2.9,3.05,2.85,3.0,1411,10,2.95
NAUKRI,18-JUL-2019,2239.0,2259.0,2210.1,2215.75,41448,6876,2242.8
NAVINFLUOR,18-JUL-2019,620.0,628.9,600.1,606.6,33660,3093,624.45
NAVKARCORP,18-JUL-2019,24.85,24.9,24.0,24.2,86521,699,25.0
NAVNETEDUL,18-JUL-2019,105.0,106.85,102.3,105.45,18607,627,105.15
NBCC,18-JUL-2019,54.05,54.25,51.85,52.1,8225962,22110,54.15
NBIFIN,18-JUL-2019,1372.0,1393.0,1372.0,1390.0,917,32,1390.75
NBVENTURES,18-JUL-2019,96.0,96.75,92.5,93.7,62032,1496,96.8
NCC,18-JUL-2019,83.0,83.1,80.3,80.7,8009228,30389,83.1
NCLIND,18-JUL-2019,126.85,126.85,121.65,122.5,10323,197,123.8
NDGL,18-JUL-2019,630.0,632.0,621.0,622.35,74,8,654.45
NDL,18-JUL-2019,35.55,35.55,33.4,33.7,19912,365,34.95
NDTV,18-JUL-2019,34.05,34.3,34.0,34.25,3333,90,34.25
NECCLTD,18-JUL-2019,5.8,5.85,5.5,5.55,25495,93,5.8
NECLIFE,18-JUL-2019,14.55,14.55,13.5,14.1,85067,381,14.55
NELCAST,18-JUL-2019,45.55,45.9,43.0,43.4,31369,360,45.8
NELCO,18-JUL-2019,288.65,289.0,283.5,284.45,21424,704,287.9
NEOGEN,18-JUL-2019,348.8,349.85,345.0,345.25,11714,437,347.15
NESCO,18-JUL-2019,553.0,560.95,552.45,554.8,8260,706,552.6
NESTLEIND,18-JUL-2019,11726.8,11743.6,11542.5,11596.75,47394,15287,11695.4
NETF,18-JUL-2019,117.3,117.33,117.0,117.06,100,5,118.0
NETWORK18,18-JUL-2019,24.6,24.6,22.7,23.25,251757,1494,24.55
NEULANDLAB,18-JUL-2019,524.1,526.4,510.0,513.4,3492,309,525.0
NEWGEN,18-JUL-2019,301.95,304.85,294.05,295.8,17890,1350,298.35
NEXTMEDIA,18-JUL-2019,13.5,14.25,12.55,12.75,8046,54,13.6
NFL,18-JUL-2019,34.3,34.5,33.5,33.7,232116,1546,34.35
NH,18-JUL-2019,229.5,229.5,223.0,224.4,8870,627,225.85
NHAI,18-JUL-2019,1127.4,1129.5,1126.1,1127.02,4383,37,1128.5
NHAI,18-JUL-2019,1219.0,1229.0,1219.0,1228.0,4221,27,1229.29
NHAI,18-JUL-2019,1180.0,1190.0,1180.0,1190.0,500,6,1200.99
NHAI,18-JUL-2019,1240.0,1248.0,1239.98,1248.0,485,5,1237.5
NHAI,18-JUL-2019,1250.0,1259.0,1250.0,1258.85,1046,35,1251.29
NHAI,18-JUL-2019,1152.0,1158.0,1152.0,1153.02,3299,77,1153.0
NHAI,18-JUL-2019,1197.0,1199.9,1196.0,1199.9,1401,14,1197.15
NHBTF2014,18-JUL-2019,6700.0,6700.0,6672.0,6672.0,11,2,6700.0
NHBTF2023,18-JUL-2019,6180.0,6180.0,6180.0,6180.0,11,3,6200.0
NHPC,18-JUL-2019,23.6,23.85,23.35,23.4,1202199,2871,23.8
NHPC,18-JUL-2019,1285.0,1285.0,1271.7,1282.0,252,4,1289.0
NIACL,18-JUL-2019,134.45,134.45,131.55,132.0,46063,1440,134.5
NIBL,18-JUL-2019,8.7,8.9,8.25,8.5,29067,168,9.0
NIFTYBEES,18-JUL-2019,1232.0,1233.49,1223.17,1225.57,20157,939,1232.71
NIFTYEES,18-JUL-2019,15016.0,15016.0,15016.0,15016.0,1,1,14351.0
NIITLTD,18-JUL-2019,99.2,100.35,98.75,99.4,141456,3363,100.05
NIITTECH,18-JUL-2019,1343.6,1350.5,1337.7,1342.45,433600,21638,1345.9
NILAINFRA,18-JUL-2019,6.05,6.05,5.75,5.8,230734,335,6.05
NILASPACES,18-JUL-2019,1.85,1.85,1.75,1.75,68127,45,1.8
NILKAMAL,18-JUL-2019,1134.95,1136.3,1110.2,1115.15,8546,1318,1133.4
NIPPOBATRY,18-JUL-2019,444.9,450.0,440.0,441.3,298,62,438.45
NITCO,18-JUL-2019,30.3,30.3,29.1,29.4,40378,504,30.6
NITESHEST,18-JUL-2019,2.05,2.1,2.0,2.0,17434,43,2.05
NITINFIRE,18-JUL-2019,0.55,0.55,0.5,0.5,102441,47,0.5
NITINSPIN,18-JUL-2019,68.45,68.45,66.0,66.25,15093,238,67.15
NITIRAJ,18-JUL-2019,97.0,98.85,97.0,98.0,3600,3,99.0
NKIND,18-JUL-2019,32.6,32.6,32.6,32.6,1,1,32.6
NLCINDIA,18-JUL-2019,62.7,62.95,61.0,61.25,671382,7578,62.7
NMDC,18-JUL-2019,115.5,116.2,113.4,114.65,7306141,29633,114.0
NOCIL,18-JUL-2019,104.6,105.0,100.3,100.9,270112,3730,103.95
NOIDATOLL,18-JUL-2019,3.5,3.75,3.35,3.55,36957,119,3.45
NRAIL,18-JUL-2019,169.7,169.7,161.0,161.65,9743,639,169.25
NRBBEARING,18-JUL-2019,130.0,132.55,126.5,127.3,39506,1165,128.25
NSIL,18-JUL-2019,1001.0,1004.5,991.0,996.75,222,35,1001.65
NTL,18-JUL-2019,0.5,0.5,0.5,0.5,10215,4,0.55
NTPC,18-JUL-2019,130.1,130.95,126.4,127.05,18049102,86550,129.1
NTPC,18-JUL-2019,1181.0,1181.0,1181.0,1181.0,30,2,1181.0
NTPC,18-JUL-2019,1320.02,1339.9,1320.02,1333.6,53,6,1330.09
NTPC,18-JUL-2019,13.04,13.09,13.04,13.09,17200,55,13.05
NTPC,18-JUL-2019,1200.0,1200.0,1200.0,1200.0,204,3,1220.0
NUCLEUS,18-JUL-2019,321.5,322.1,304.05,309.9,12305,466,321.5
OAL,18-JUL-2019,185.55,201.2,185.55,198.85,845,34,201.0
OBEROIRLTY,18-JUL-2019,560.0,579.95,559.2,569.6,550036,38325,560.7
OCCL,18-JUL-2019,1129.85,1145.45,1120.0,1129.2,4365,304,1118.6
OFSS,18-JUL-2019,3305.2,3387.25,3305.2,3350.15,14982,2738,3324.85
OIL,18-JUL-2019,171.25,172.25,162.75,163.25,3011905,28813,170.5
OILCOUNTUB,18-JUL-2019,7.35,7.75,7.3,7.55,228536,85,7.4
OISL,18-JUL-2019,9.55,9.75,9.0,9.75,340388,738,9.3
OLECTRA,18-JUL-2019,187.25,190.0,185.4,187.75,15839,509,189.6
OMAXAUTO,18-JUL-2019,46.25,48.0,45.5,47.4,8342,148,46.85
OMAXE,18-JUL-2019,200.0,200.9,199.35,199.45,203243,3411,199.7
OMKARCHEM,18-JUL-2019,6.4,6.55,6.2,6.55,57848,151,6.25
OMMETALS,18-JUL-2019,18.0,18.55,17.25,17.9,22168,118,18.1
ONELIFECAP,18-JUL-2019,6.5,6.5,6.2,6.2,200,3,6.5
ONEPOINT,18-JUL-2019,25.45,25.9,20.5,23.4,14620,287,24.25
ONGC,18-JUL-2019,149.95,150.8,143.05,143.4,15971004,125567,149.9
ONMOBILE,18-JUL-2019,29.0,29.4,27.75,27.85,76076,527,29.0
ONWARDTEC,18-JUL-2019,66.7,67.85,64.0,64.4,6272,236,67.1
OPTIEMUS,18-JUL-2019,64.35,64.4,62.9,63.35,80992,244,62.55
OPTOCIRCUI,18-JUL-2019,4.3,4.4,4.15,4.2,172471,374,4.35
ORBTEXP,18-JUL-2019,114.75,114.75,109.2,110.45,2027,62,109.9
ORCHIDPHAR,18-JUL-2019,6.6,6.7,6.6,6.6,45060,61,6.9
ORICONENT,18-JUL-2019,19.7,20.0,18.35,18.6,76350,339,19.45
ORIENTABRA,18-JUL-2019,17.8,18.05,17.1,17.45,7054,94,17.8
ORIENTALTL,18-JUL-2019,12.9,13.35,12.8,13.0,50894,111,13.0
ORIENTBANK,18-JUL-2019,84.2,84.95,81.25,81.75,1174955,5701,84.35
ORIENTBELL,18-JUL-2019,130.1,133.0,128.5,129.55,4873,214,131.35
ORIENTCEM,18-JUL-2019,107.5,108.75,105.15,106.1,47284,1108,107.75
ORIENTELEC,18-JUL-2019,157.6,158.9,156.05,157.15,23167,575,158.8
ORIENTHOT,18-JUL-2019,37.0,37.45,36.25,36.9,20927,186,37.45
ORIENTLTD,18-JUL-2019,136.45,136.45,122.55,126.8,1258,43,118.3
ORIENTPPR,18-JUL-2019,27.4,27.45,27.0,27.15,253543,696,27.3
ORIENTREF,18-JUL-2019,203.8,203.8,192.9,194.9,23386,767,197.85
ORISSAMINE,18-JUL-2019,696.05,702.85,681.0,684.4,2470,454,695.85
ORTEL,18-JUL-2019,1.35,1.35,1.3,1.3,6510,15,1.35
ORTINLABSS,18-JUL-2019,11.7,11.9,11.35,11.85,3155,17,11.7
OSIAHYPER,18-JUL-2019,275.0,275.0,269.8,269.8,1200,3,275.5
OSWALAGRO,18-JUL-2019,6.2,6.4,5.95,6.0,25882,71,6.2
OSWALSEEDS,18-JUL-2019,26.3,26.3,26.3,26.3,12000,1,26.0
PAGEIND,18-JUL-2019,20390.0,20750.0,20240.0,20633.15,13656,4805,20279.75
PAISALO,18-JUL-2019,385.0,391.75,381.0,389.75,23801,198,389.95
PALASHSECU,18-JUL-2019,37.25,40.8,35.05,35.75,1079,32,39.95
PALREDTEC,18-JUL-2019,25.05,25.05,24.0,24.05,3886,52,25.25
PANACEABIO,18-JUL-2019,147.15,149.3,143.45,144.75,21845,853,148.1
PANACHE,18-JUL-2019,54.0,54.0,51.25,51.25,6400,2,103.0
PANAMAPET,18-JUL-2019,89.2,92.6,85.65,87.3,10803,345,89.9
PAPERPROD,18-JUL-2019,260.0,260.0,252.75,255.6,12836,260,258.15
PARABDRUGS,18-JUL-2019,0.9,0.9,0.8,0.8,15093,25,0.85
PARACABLES,18-JUL-2019,10.3,10.5,9.8,9.85,140331,233,10.35
PARAGMILK,18-JUL-2019,258.05,261.0,258.05,260.05,151541,1876,259.25
PARSVNATH,18-JUL-2019,4.25,4.65,4.25,4.55,226246,257,4.45
PATELENG,18-JUL-2019,18.15,18.75,18.15,18.55,44989,210,18.7
PATINTLOG,18-JUL-2019,35.5,37.0,34.0,34.55,17887,286,35.75
PATSPINLTD,18-JUL-2019,7.3,7.45,7.1,7.1,14639,41,7.4
PCJEWELLER,18-JUL-2019,37.45,37.5,35.3,36.2,7638833,27336,37.25
PDMJEPAPER,18-JUL-2019,11.4,11.75,10.5,11.35,41878,336,11.5
PDPL,18-JUL-2019,4.45,4.45,4.45,4.45,7,3,4.65
PDSMFL,18-JUL-2019,373.0,391.0,373.0,388.7,3237,211,384.95
PEARLPOLY,18-JUL-2019,12.5,13.65,12.35,12.4,4720,8,13.0
PEL,18-JUL-2019,2037.0,2038.8,1981.35,1990.85,965673,45059,2056.9
PENIND,18-JUL-2019,32.0,32.15,31.65,31.75,40157,1650,32.15
PENINLAND,18-JUL-2019,5.55,5.7,5.5,5.5,31540,74,5.55
PENTAGOLD,18-JUL-2019,38.0,38.0,38.0,38.0,3000,1,39.9
PERSISTENT,18-JUL-2019,612.0,617.1,606.35,608.05,28872,4039,611.15
PETRONENGG,18-JUL-2019,7.1,7.1,7.1,7.1,309,7,6.8
PETRONET,18-JUL-2019,250.55,251.05,242.75,244.05,3956635,33123,251.1
PFC,18-JUL-2019,125.0,125.5,119.3,121.0,6714830,31253,125.15
PFC,18-JUL-2019,1121.05,1121.05,1121.05,1121.05,200,1,1121.05
PFC,18-JUL-2019,1135.0,1135.0,1117.1,1130.0,165,3,1135.0
PFC,18-JUL-2019,1200.0,1200.0,1200.0,1200.0,75,2,1192.6
PFC,18-JUL-2019,1150.0,1150.0,1150.0,1150.0,90,2,1152.0
PFC,18-JUL-2019,1325.99,1332.0,1321.0,1330.0,2435,32,1329.0
PFIZER,18-JUL-2019,3166.0,3239.95,3155.0,3193.9,10629,1646,3194.65
PFOCUS,18-JUL-2019,48.15,48.15,43.5,44.95,26896,476,48.1
PFS,18-JUL-2019,14.1,14.15,13.85,13.9,326981,847,14.1
PGEL,18-JUL-2019,49.55,50.45,48.0,48.65,27587,242,49.4
PGHH,18-JUL-2019,10872.8,10968.95,10685.15,10767.95,2768,505,10903.15
PGHL,18-JUL-2019,4885.0,4928.0,4745.0,4759.2,36005,7420,4908.7
PGIL,18-JUL-2019,164.25,166.0,163.45,163.8,1777,39,166.2
PHILIPCARB,18-JUL-2019,117.0,118.95,112.95,116.35,515194,8782,116.3
PHOENIXLTD,18-JUL-2019,660.05,660.55,646.15,655.05,7509,1525,660.05
PIDILITIND,18-JUL-2019,1229.0,1235.5,1216.2,1227.85,531894,28168,1229.25
PIIND,18-JUL-2019,1142.75,1149.7,1115.05,1124.6,97705,4694,1142.75
PILANIINVS,18-JUL-2019,2060.0,2060.0,1970.0,1990.8,2842,165,2030.95
PILITA,18-JUL-2019,9.25,9.55,9.1,9.45,305736,370,9.35
PIONDIST,18-JUL-2019,116.95,122.45,116.95,117.6,2120,76,120.4
PIONEEREMB,18-JUL-2019,21.25,22.1,20.9,21.75,7324,97,22.0
PIRPHYTO,18-JUL-2019,26.1,27.0,26.1,26.15,818,9,26.05
PITTIENG,18-JUL-2019,46.55,46.55,45.2,45.75,8422,101,46.9
PKTEA,18-JUL-2019,137.6,137.6,132.8,133.0,79,6,132.0
PLASTIBLEN,18-JUL-2019,177.9,177.9,169.5,170.0,611,57,174.0
PNB,18-JUL-2019,75.35,75.75,72.45,73.2,19957328,46313,75.35
PNBGILTS,18-JUL-2019,38.5,39.0,37.65,38.05,226011,891,38.5
PNBHOUSING,18-JUL-2019,753.9,759.4,747.65,753.3,353768,5510,753.85
PNC,18-JUL-2019,14.5,16.7,14.35,15.15,19369,71,14.8
PNCINFRA,18-JUL-2019,191.9,193.9,183.25,192.4,172205,6445,191.85
PODDARHOUS,18-JUL-2019,479.0,498.95,479.0,498.95,90,5,479.2
PODDARMENT,18-JUL-2019,153.0,158.0,153.0,154.35,1846,40,154.8
POKARNA,18-JUL-2019,139.0,139.5,130.45,139.1,10225,349,134.75
POLYCAB,18-JUL-2019,626.0,628.75,622.15,624.4,54494,1501,626.8
POLYMED,18-JUL-2019,181.25,187.95,178.35,179.2,2355,296,181.7
POLYPLEX,18-JUL-2019,510.7,513.85,492.25,495.65,58509,1313,508.6
PONNIERODE,18-JUL-2019,115.2,115.2,110.25,113.6,422,30,115.0
POWERGRID,18-JUL-2019,208.9,208.9,205.0,205.35,4736048,51433,208.0
POWERMECH,18-JUL-2019,941.5,947.0,925.2,926.25,10219,538,934.05
PPAP,18-JUL-2019,221.95,221.95,205.0,206.2,8132,662,219.0
PPL,18-JUL-2019,81.1,84.9,80.75,80.75,21994,402,85.0
PRABHAT,18-JUL-2019,70.0,71.35,68.0,68.95,51843,628,69.6
PRADIP,18-JUL-2019,1.1,1.1,1.1,1.1,228,2,1.15
PRAENG,18-JUL-2019,7.0,7.3,6.65,7.3,27429,43,7.05
PRAJIND,18-JUL-2019,128.5,132.25,127.0,127.4,695827,6853,129.4
PRAKASH,18-JUL-2019,54.7,54.7,48.1,49.0,592688,5850,54.5
PRAKASHCON,18-JUL-2019,3.0,3.05,2.65,2.7,376686,254,2.95
PRAKASHSTL,18-JUL-2019,0.25,0.25,0.25,0.25,41636,19,0.25
PRAXIS,18-JUL-2019,90.0,91.0,87.5,88.05,3452,94,87.55
PRECAM,18-JUL-2019,47.05,47.15,44.65,45.45,12982,332,47.1
PRECOT,18-JUL-2019,31.5,31.5,30.05,30.15,74,8,31.4
PRECWIRE,18-JUL-2019,180.0,180.0,176.9,178.0,4927,250,178.55
PREMEXPLN,18-JUL-2019,182.7,187.05,182.35,184.35,4591,123,183.9
PREMIER,18-JUL-2019,3.55,3.85,3.55,3.55,802,18,3.7
PREMIERPOL,18-JUL-2019,21.6,23.45,21.2,22.9,63,6,21.6
PRESSMN,18-JUL-2019,24.1,24.95,24.05,24.1,997,48,24.5
PRESTIGE,18-JUL-2019,280.0,280.0,273.0,276.1,67493,2346,276.8
PRICOLLTD,18-JUL-2019,31.05,31.35,28.5,29.05,157771,972,31.05
PRIMESECU,18-JUL-2019,40.35,41.0,39.0,40.6,90865,985,40.4
PROSEED,18-JUL-2019,0.2,0.25,0.2,0.25,23456,9,0.25
PROVOGE,18-JUL-2019,1.55,1.55,1.55,1.55,7032,11,1.6
PROZONINTU,18-JUL-2019,16.5,17.6,16.5,17.6,19123,71,16.8
PRSMJOHNSN,18-JUL-2019,94.8,94.8,91.0,91.55,89124,1547,95.0
PSB,18-JUL-2019,24.5,25.35,24.15,24.9,376932,1643,25.8
PSL,18-JUL-2019,0.75,0.8,0.75,0.75,24784,33,0.8
PSPPROJECT,18-JUL-2019,512.2,523.65,512.2,520.4,13646,262,520.1
PSUBNKBEES,18-JUL-2019,345.7,347.58,339.46,339.89,1032,79,349.23
PTC,18-JUL-2019,64.0,64.3,63.1,63.25,280545,5573,63.95
PTL,18-JUL-2019,38.6,38.85,37.55,37.9,17541,198,39.0
PUNJABCHEM,18-JUL-2019,607.0,607.0,597.15,601.75,1425,96,610.4
PUNJLLOYD,18-JUL-2019,1.35,1.4,1.3,1.35,418302,194,1.35
PURVA,18-JUL-2019,66.2,66.2,63.5,63.65,146262,1415,65.85
PUSHPREALM,18-JUL-2019,6.2,6.2,6.2,6.2,2000,1,6.5
PVR,18-JUL-2019,1750.0,1772.75,1740.65,1748.1,224993,12797,1752.45
QGOLDHALF,18-JUL-2019,1530.0,1541.0,1530.0,1540.0,739,84,1511.25
QUESS,18-JUL-2019,469.85,487.0,465.05,476.55,371383,15774,472.2
QUICKHEAL,18-JUL-2019,152.55,153.95,143.5,144.25,112521,4452,153.25
QUINTEGRA,18-JUL-2019,0.8,0.8,0.8,0.8,18074,18,0.85
RADAAN,18-JUL-2019,1.45,1.5,1.45,1.5,6760,9,1.5
RADICO,18-JUL-2019,292.45,293.9,281.8,282.65,227533,8034,290.8
RADIOCITY,18-JUL-2019,57.35,57.35,54.4,56.45,89935,754,57.35
RAIN,18-JUL-2019,91.55,92.5,88.4,89.0,792131,8255,91.55
RAJESHEXPO,18-JUL-2019,686.8,688.5,684.3,685.8,343494,4419,684.75
RAJRAYON,18-JUL-2019,0.05,0.05,0.05,0.05,255769,55,0.05
RAJSREESUG,18-JUL-2019,21.25,22.0,21.0,21.0,5766,28,21.65
RAJTV,18-JUL-2019,39.8,39.8,39.8,39.8,50,1,38.0
RALLIS,18-JUL-2019,155.35,155.5,149.0,151.3,93467,5083,155.5
RAMANEWS,18-JUL-2019,16.7,17.2,16.5,16.7,21143,143,16.85
RAMASTEEL,18-JUL-2019,81.0,81.65,75.1,80.15,267060,1722,79.65
RAMCOCEM,18-JUL-2019,775.0,783.95,768.95,770.15,124212,3298,777.4
RAMCOIND,18-JUL-2019,188.0,189.0,180.9,181.7,16323,610,188.2
RAMCOSYS,18-JUL-2019,212.95,221.65,211.1,212.85,19743,913,212.1
RAMKY,18-JUL-2019,80.7,81.15,74.6,75.65,101806,1016,80.65
RANASUG,18-JUL-2019,2.6,2.65,2.55,2.6,124287,113,2.65
RANEENGINE,18-JUL-2019,386.0,391.95,370.0,372.45,1655,305,387.45
RANEHOLDIN,18-JUL-2019,1001.8,1035.0,970.3,1018.55,16604,867,1006.0
RATNAMANI,18-JUL-2019,967.05,971.8,955.0,959.6,11167,174,971.2
RAYMOND,18-JUL-2019,699.0,706.35,692.0,696.05,395149,9087,701.35
RBL,18-JUL-2019,600.0,608.8,578.7,584.0,17931,1313,599.8
RBLBANK,18-JUL-2019,592.0,597.25,575.4,579.75,3708761,90925,590.05
RCF,18-JUL-2019,57.0,57.1,55.5,55.9,457232,3015,56.8
RCOM,18-JUL-2019,1.6,1.7,1.6,1.7,25695575,6602,1.65
RECLTD,18-JUL-2019,153.5,153.6,144.3,147.6,11529000,62088,153.45
RECLTD,18-JUL-2019,1071.2,1082.0,1071.2,1080.0,1000,7,1075.0
RECLTD,18-JUL-2019,1225.0,1244.0,1225.0,1244.0,307,3,1220.0
RECLTD,18-JUL-2019,1167.8,1189.3,1167.8,1189.3,410,5,1160.0
RECLTD,18-JUL-2019,1180.0,1180.0,1180.0,1180.0,85,1,1170.0
REDINGTON,18-JUL-2019,101.0,102.0,99.85,100.1,82922,3285,100.2
REFEX,18-JUL-2019,106.25,114.6,106.25,114.6,141408,671,109.15
REGENCERAM,18-JUL-2019,2.35,2.5,2.35,2.5,947,2,2.4
RELAXO,18-JUL-2019,421.75,426.85,414.1,419.15,87103,2507,424.3
RELCAPITAL,18-JUL-2019,53.25,54.7,52.1,52.55,14182620,55036,54.3
RELCNX100,18-JUL-2019,121.4,121.4,120.6,120.6,51,4,120.85
RELCONS,18-JUL-2019,49.47,49.47,49.05,49.22,903,21,49.51
RELDIVOPP,18-JUL-2019,29.73,29.73,29.5,29.5,246,8,29.65
RELIABLE,18-JUL-2019,30.0,30.0,30.0,30.0,10000,2,30.95
RELIANCE,18-JUL-2019,1282.0,1286.4,1258.0,1261.85,5459896,154201,1281.85
RELIGARE,18-JUL-2019,36.3,38.6,36.0,36.0,1105865,2498,37.85
RELINFRA,18-JUL-2019,48.5,50.8,47.3,48.1,16732028,59000,49.65
RELNV20,18-JUL-2019,566.53,566.53,561.72,562.79,2978,41,570.32
REMSONSIND,18-JUL-2019,96.65,96.95,90.3,92.85,5500,47,94.2
RENUKA,18-JUL-2019,8.85,9.1,8.75,8.8,345555,702,8.8
REPCOHOME,18-JUL-2019,360.5,366.7,354.25,358.55,55241,2005,364.15
REPL,18-JUL-2019,33.0,33.0,33.0,33.0,3000,1,30.8
REPRO,18-JUL-2019,518.0,521.95,502.65,515.45,4490,1251,517.85
RESPONIND,18-JUL-2019,91.9,94.0,90.15,91.75,146748,648,91.65
RETFMID150,18-JUL-2019,60.0,61.41,60.0,60.79,122526,94,61.62
REVATHI,18-JUL-2019,393.75,397.4,372.55,379.4,903,65,393.75
RGL,18-JUL-2019,264.0,274.85,261.5,263.5,1162,162,270.0
RHFL,18-JUL-2019,11.5,11.6,11.05,11.1,222097,818,11.7
RHFL,18-JUL-2019,505.0,505.0,500.0,500.0,14,3,495.0
RHFL,18-JUL-2019,380.0,398.99,375.0,396.33,276,7,400.0
RHFL,18-JUL-2019,245.0,344.0,244.0,338.95,49,6,287.63
RICOAUTO,18-JUL-2019,53.25,53.95,52.25,52.4,72584,900,53.15
RIIL,18-JUL-2019,281.0,283.0,273.25,276.05,120362,3251,282.75
RITES,18-JUL-2019,289.5,294.45,286.5,291.55,311937,7845,288.55
RKDL,18-JUL-2019,6.85,7.2,6.65,6.7,10909,57,7.0
RKFORGE,18-JUL-2019,489.85,493.3,475.0,486.15,79359,1917,488.35
RMCL,18-JUL-2019,5.5,5.65,5.25,5.25,70558,159,5.5
RMDRIP,18-JUL-2019,16.5,16.5,15.85,15.85,12000,5,16.65
RML,18-JUL-2019,285.55,286.05,272.0,276.25,8520,569,285.55
RNAM,18-JUL-2019,226.9,227.45,226.9,227.05,370467,3042,227.05
RNAVAL,18-JUL-2019,3.7,3.8,3.6,3.65,455887,691,3.7
ROHLTD,18-JUL-2019,87.55,87.65,79.05,82.2,31961,873,86.5
ROLLT,18-JUL-2019,2.0,2.0,2.0,2.0,16271,7,1.95
ROLTA,18-JUL-2019,5.35,5.35,5.1,5.15,130630,257,5.2
ROSSELLIND,18-JUL-2019,42.05,45.9,41.1,41.95,1556,92,42.9
RPGLIFE,18-JUL-2019,212.25,219.4,208.1,210.7,3896,360,214.75
RPOWER,18-JUL-2019,3.95,3.95,3.8,3.8,10583673,7553,3.95
RPPINFRA,18-JUL-2019,113.0,113.0,109.0,111.05,61607,185,113.5
RRSLGETF,18-JUL-2019,20.1,20.1,19.1,19.97,35487,53,20.02
RSSOFTWARE,18-JUL-2019,20.0,20.35,19.95,20.05,17880,162,19.9
RSWM,18-JUL-2019,141.65,145.9,138.0,139.1,11494,243,143.05
RSYSTEMS,18-JUL-2019,43.75,44.65,43.65,43.9,5171,39,43.75
RTNINFRA,18-JUL-2019,2.0,2.1,1.95,1.95,92347,72,2.05
RTNPOWER,18-JUL-2019,1.65,1.65,1.6,1.65,292212,261,1.65
RUBYMILLS,18-JUL-2019,190.85,190.85,170.95,178.15,5605,262,182.9
RUCHINFRA,18-JUL-2019,2.1,2.2,2.1,2.2,4894,17,2.2
RUCHIRA,18-JUL-2019,86.0,87.9,85.7,85.85,16256,472,86.85
RUCHISOYA,18-JUL-2019,4.05,4.15,3.95,3.95,2950328,1614,4.15
RUPA,18-JUL-2019,233.0,239.0,225.0,227.1,15682,639,232.3
RUSHIL,18-JUL-2019,197.0,197.0,197.0,197.0,793,36,207.35
RVNL,18-JUL-2019,25.35,25.35,24.6,24.7,2634274,10639,25.25
SABTN,18-JUL-2019,2.35,2.4,2.25,2.3,9686,40,2.35
SADBHAV,18-JUL-2019,183.95,192.55,183.95,186.45,169714,6599,185.15
SADBHIN,18-JUL-2019,54.65,57.0,51.75,55.5,37888,549,55.85
SAGARDEEP,18-JUL-2019,57.75,57.95,56.95,57.95,135,18,57.95
SAGCEM,18-JUL-2019,623.65,639.8,623.6,634.6,1688,151,632.8
SAIL,18-JUL-2019,47.0,47.15,45.45,45.55,17822698,26408,47.15
SAKAR,18-JUL-2019,59.9,59.9,55.25,58.3,4643,23,58.15
SAKHTISUG,18-JUL-2019,8.75,9.15,8.7,8.95,6759,70,9.0
SAKSOFT,18-JUL-2019,290.4,291.9,286.1,289.15,11230,479,290.4
SAKUMA,18-JUL-2019,15.4,15.75,15.0,15.45,417784,1227,15.55
SALASAR,18-JUL-2019,151.0,152.9,146.3,147.1,18837,650,150.85
SALONA,18-JUL-2019,79.1,83.75,76.15,78.8,869,72,84.45
SALSTEEL,18-JUL-2019,3.15,3.45,3.05,3.1,16441,56,3.15
SALZERELEC,18-JUL-2019,121.0,122.55,117.35,118.9,5023,169,122.85
SAMBHAAV,18-JUL-2019,3.4,3.5,3.35,3.5,10541,52,3.4
SANCO,18-JUL-2019,17.55,17.55,16.95,17.2,105000,210,17.55
SANDESH,18-JUL-2019,636.8,647.5,636.2,638.7,215,62,636.8
SANDHAR,18-JUL-2019,280.0,285.05,279.05,282.2,11272,1244,285.0
SANGAMIND,18-JUL-2019,46.0,47.0,44.2,45.05,3527,93,46.5
SANGHIIND,18-JUL-2019,62.6,63.4,62.6,62.9,25362,226,62.8
SANGHVIFOR,18-JUL-2019,20.0,20.0,18.2,19.4,525,9,19.1
SANGHVIMOV,18-JUL-2019,111.5,113.75,110.25,110.5,6211,136,112.35
SANGINITA,18-JUL-2019,79.5,80.1,75.75,77.6,19649,80,79.5
SANOFI,18-JUL-2019,5900.0,5974.0,5800.05,5937.2,16298,1908,5896.25
SANWARIA,18-JUL-2019,6.45,7.0,6.35,7.0,17122790,9927,5.85
SARDAEN,18-JUL-2019,195.6,197.55,191.55,192.25,36091,431,196.55
SAREGAMA,18-JUL-2019,523.0,538.85,523.0,534.5,9247,834,531.6
SARLAPOLY,18-JUL-2019,24.3,25.4,24.3,24.9,25136,122,25.0
SASKEN,18-JUL-2019,670.95,679.9,607.4,624.2,16234,1902,668.35
SASTASUNDR,18-JUL-2019,102.1,104.8,102.0,102.6,1050,22,103.65
SATHAISPAT,18-JUL-2019,6.0,6.25,6.0,6.25,544,8,6.25
SATIA,18-JUL-2019,720.0,731.9,711.0,715.35,626,22,721.8
SATIN,18-JUL-2019,285.2,289.05,277.5,282.3,9401,670,287.4
SBIETFQLTY,18-JUL-2019,95.75,95.75,93.3,93.59,1141,56,94.02
SBILIFE,18-JUL-2019,766.0,775.0,737.0,740.85,424234,19069,765.25
SBIN,18-JUL-2019,371.95,373.8,362.55,363.65,21691056,168992,372.4
SBIN,18-JUL-2019,11203.0,11230.0,11203.0,11203.0,130,19,11241.13
SBIN,18-JUL-2019,11030.0,11500.0,11030.0,11496.25,114,26,11470.0
SBIN,18-JUL-2019,11224.75,11224.75,11224.75,11224.75,1,1,11250.0
SCAPDVR,18-JUL-2019,0.6,0.6,0.55,0.55,16232,19,0.6
SCHAEFFLER,18-JUL-2019,4419.1,4419.15,4288.0,4343.0,12320,2850,4371.05
SCHAND,18-JUL-2019,71.85,72.2,67.0,69.85,33597,824,71.9
SCHNEIDER,18-JUL-2019,89.9,96.95,88.5,88.85,27880,673,89.9
SCI,18-JUL-2019,30.8,31.05,30.15,30.3,195835,1142,30.8
SDBL,18-JUL-2019,123.2,127.9,121.15,125.85,12366,271,126.4
SEAMECLTD,18-JUL-2019,457.9,460.7,453.0,455.8,4536,223,462.6
SECURCRED,18-JUL-2019,66.0,80.0,66.0,80.0,1200,2,81.45
SELAN,18-JUL-2019,160.3,161.8,159.15,159.75,14718,527,161.85
SELMCL,18-JUL-2019,0.85,0.85,0.75,0.8,66900,28,0.85
SEQUENT,18-JUL-2019,69.35,72.0,69.35,70.7,290290,1224,70.4
SESHAPAPER,18-JUL-2019,950.8,956.0,925.15,928.6,1069,263,955.4
SETCO,18-JUL-2019,15.9,16.0,14.65,14.75,118940,568,15.9
SETFGOLD,18-JUL-2019,3096.0,3130.0,3096.0,3124.95,2263,191,3089.0
SETFNIF50,18-JUL-2019,119.65,119.75,119.0,119.23,61418,346,119.85
SETFNIFBK,18-JUL-2019,313.0,315.0,308.66,309.03,58331,161,311.35
SETFNN50,18-JUL-2019,281.36,281.99,277.08,278.3,8515,55,280.0
SEYAIND,18-JUL-2019,451.0,457.0,450.55,452.2,11074,60,450.8
SFL,18-JUL-2019,1283.6,1318.0,1271.1,1299.3,1891,295,1303.1
SGBAUG24,18-JUL-2019,3300.0,3305.0,3290.01,3295.11,241,30,3289.03
SGBDEC2512,18-JUL-2019,3200.0,3200.0,3200.0,3200.0,150,3,3200.0
SGBDEC2513,18-JUL-2019,3150.05,3150.05,3150.0,3150.0,10,2,3200.0
SGBFEB24,18-JUL-2019,3300.0,3325.0,3300.0,3325.0,116,10,3270.0
SGBJAN26,18-JUL-2019,3200.0,3240.0,3200.0,3240.0,7,3,3250.0
SGBJUL25,18-JUL-2019,3249.0,3290.0,3216.0,3260.0,117,20,3220.5
SGBJUN27,18-JUL-2019,3140.0,3150.01,3140.0,3150.01,5,2,3171.0
SGBMAR24,18-JUL-2019,3310.0,3350.0,3285.0,3285.0,18,4,3285.0
SGBMAR25,18-JUL-2019,3248.0,3300.0,3248.0,3250.0,16,4,3201.5
SGBMAY25,18-JUL-2019,3250.0,3250.0,3215.0,3248.0,132,14,3246.06
SGBMAY26,18-JUL-2019,3180.0,3216.0,3180.0,3215.1,12,3,3200.0
SGBNOV23,18-JUL-2019,3330.0,3330.0,3320.0,3324.0,5,3,3310.0
SGBNOV24,18-JUL-2019,3250.0,3261.0,3235.0,3259.83,677,44,3248.42
SGBNOV25,18-JUL-2019,3250.0,3250.0,3249.99,3249.99,72,6,3250.0
SGBNOV258,18-JUL-2019,3245.0,3245.0,3245.0,3245.0,2,1,3220.0
SGBNOV25IX,18-JUL-2019,3200.0,3200.0,3200.0,3200.0,10,2,3150.0
SGBNOV26,18-JUL-2019,3200.0,3200.0,3190.0,3190.0,14,2,3162.0
SGBOCT25IV,18-JUL-2019,3200.0,3250.0,3200.0,3250.0,42,4,3200.0
SGBOCT25V,18-JUL-2019,3250.0,3250.0,3250.0,3250.0,5,1,3250.0
SGBSEP24,18-JUL-2019,3287.0,3310.0,3287.0,3309.97,385,31,3264.51
SGL,18-JUL-2019,13.35,13.35,12.15,12.15,68125,101,12.75
SHAHALLOYS,18-JUL-2019,10.75,10.9,10.05,10.15,4698,55,10.7
SHAKTIPUMP,18-JUL-2019,353.1,368.0,351.0,355.25,26112,1299,356.0
SHALBY,18-JUL-2019,98.0,102.1,93.0,94.9,67902,799,97.5
SHALPAINTS,18-JUL-2019,71.95,72.0,69.6,70.4,41738,515,71.5
SHANKARA,18-JUL-2019,356.1,358.9,342.2,345.3,26998,1495,358.3
SHANTIGEAR,18-JUL-2019,108.25,108.65,105.55,106.95,4844,205,108.35
SHARDACROP,18-JUL-2019,314.6,321.95,314.6,319.35,7351,289,316.55
SHARDAMOTR,18-JUL-2019,1028.0,1049.0,941.0,961.8,6323,1121,1042.45
SHEMAROO,18-JUL-2019,316.0,346.4,312.0,338.05,194209,1802,315.8
SHILPAMED,18-JUL-2019,358.0,360.3,351.1,355.05,46054,528,358.2
SHIRPUR-G,18-JUL-2019,15.35,16.05,14.8,15.8,116872,353,15.35
SHIVAMAUTO,18-JUL-2019,26.35,27.35,25.4,25.65,25776,305,26.55
SHIVAMILLS,18-JUL-2019,45.95,45.95,43.65,43.9,1118,39,45.05
SHIVATEX,18-JUL-2019,130.8,131.0,125.7,126.05,782,60,127.0
SHK,18-JUL-2019,128.0,131.0,126.1,128.2,30245,1485,126.8
SHOPERSTOP,18-JUL-2019,466.9,466.9,457.0,459.1,4435,456,465.9
SHREECEM,18-JUL-2019,21558.1,21700.0,21349.7,21421.0,11027,5641,21509.2
SHREEPUSHK,18-JUL-2019,98.35,98.9,94.5,95.95,14683,1046,97.3
SHREERAMA,18-JUL-2019,4.85,5.3,4.85,5.25,8008,35,5.1
SHRENIK,18-JUL-2019,70.0,71.75,67.5,69.4,100625,91,71.8
SHREYANIND,18-JUL-2019,133.3,134.35,128.0,129.75,16173,376,133.3
SHREYAS,18-JUL-2019,130.0,134.9,127.1,133.0,5258,86,131.35
SHRIPISTON,18-JUL-2019,898.8,898.8,822.0,822.0,116,17,865.0
SHRIRAMCIT,18-JUL-2019,1518.1,1531.95,1499.1,1505.7,1253,492,1516.3
SHRIRAMEPC,18-JUL-2019,10.0,10.0,9.3,9.8,164935,397,9.8
SHUBHLAXMI,18-JUL-2019,196.0,196.0,186.5,188.15,18000,13,196.3
SHYAMCENT,18-JUL-2019,4.0,4.3,3.55,4.0,84249,208,4.0
SICAGEN,18-JUL-2019,26.8,27.0,25.7,25.9,31264,289,26.6
SICAL,18-JUL-2019,95.8,98.0,92.05,96.9,12101,471,94.95
SIEMENS,18-JUL-2019,1227.35,1230.0,1201.1,1205.15,278254,15731,1220.7
SIGIND,18-JUL-2019,26.55,27.75,26.55,26.75,2237,74,27.4
SIKKO,18-JUL-2019,30.0,30.0,30.0,30.0,4000,1,32.9
SIL,18-JUL-2019,15.0,15.5,15.0,15.25,2510,6,15.25
SILINV,18-JUL-2019,166.0,169.05,164.0,165.25,413,41,166.4
SILVERTUC,18-JUL-2019,121.0,121.75,121.0,121.75,28000,8,121.0
SIMBHALS,18-JUL-2019,6.2,6.2,5.6,5.9,11603,65,6.05
SIMPLEXINF,18-JUL-2019,97.1,97.5,90.55,92.25,42380,560,98.05
SINTERCOM,18-JUL-2019,65.0,65.0,63.1,63.1,4000,2,63.05
SINTEX,18-JUL-2019,3.05,3.1,2.95,2.95,766901,613,3.05
SIRCA,18-JUL-2019,202.0,202.0,201.0,202.0,3600,3,202.0
SIS,18-JUL-2019,833.0,875.2,830.0,859.4,503107,524,847.1
SITASHREE,18-JUL-2019,0.35,0.45,0.35,0.45,8687,12,0.4
SITINET,18-JUL-2019,2.35,2.45,2.3,2.45,170082,163,2.35
SIYSIL,18-JUL-2019,281.1,288.75,276.0,279.05,5997,407,284.4
SJVN,18-JUL-2019,25.95,25.95,25.05,25.4,522609,2069,25.85
SKFINDIA,18-JUL-2019,1930.15,1954.25,1925.05,1934.55,4602,593,1930.25
SKIL,18-JUL-2019,7.0,7.4,6.8,6.8,22727,41,7.15
SKIPPER,18-JUL-2019,54.95,54.95,52.5,53.15,52959,323,54.75
SKMEGGPROD,18-JUL-2019,35.35,35.35,33.5,34.1,9444,244,35.0
SMARTLINK,18-JUL-2019,87.5,88.0,87.5,87.95,2628,16,88.85
SMLISUZU,18-JUL-2019,657.45,665.6,651.0,654.35,2649,323,660.8
SMPL,18-JUL-2019,0.35,0.35,0.3,0.35,42252,19,0.35
SMSLIFE,18-JUL-2019,372.4,397.0,369.85,374.65,3318,194,389.5
SMSPHARMA,18-JUL-2019,49.9,50.0,45.3,46.5,75943,603,48.2
SNOWMAN,18-JUL-2019,32.65,33.0,32.2,32.3,117197,871,32.55
SOBHA,18-JUL-2019,569.75,574.0,558.85,560.35,105279,4015,570.35
SOLARA,18-JUL-2019,418.7,422.85,405.0,405.7,12536,639,414.55
SOLARINDS,18-JUL-2019,1171.75,1173.35,1152.1,1170.05,4213,864,1166.55
SOLEX,18-JUL-2019,23.1,23.1,23.1,23.1,30000,9,23.5
SOMANYCERA,18-JUL-2019,425.15,427.7,422.2,425.15,6579,961,425.15
SOMATEX,18-JUL-2019,2.9,2.9,2.9,2.9,2500,6,2.9
SOMICONVEY,18-JUL-2019,14.5,14.95,14.3,14.7,153,15,14.8
SONAMCLOCK,18-JUL-2019,41.4,41.4,41.4,41.4,6000,2,39.75
SONATSOFTW,18-JUL-2019,350.0,352.9,346.2,351.1,40695,2694,351.9
SORILINFRA,18-JUL-2019,151.8,155.0,146.5,149.0,71633,1870,151.75
SOTL,18-JUL-2019,1015.0,1028.0,994.0,1009.55,1483,181,1027.9
SOUTHBANK,18-JUL-2019,13.25,13.35,12.95,13.0,8117374,5537,13.3
SOUTHWEST,18-JUL-2019,20.85,20.85,20.85,20.85,110,3,20.85
SPAL,18-JUL-2019,271.05,273.8,255.55,266.5,4451,272,271.05
SPARC,18-JUL-2019,142.0,159.25,140.5,154.85,5366572,59370,142.3
SPCENET,18-JUL-2019,1.05,1.05,0.95,1.0,2910,18,1.0
SPECIALITY,18-JUL-2019,82.0,82.0,78.5,80.4,32974,669,82.7
SPENCERS,18-JUL-2019,88.15,91.2,85.75,86.15,105528,1507,89.15
SPENTEX,18-JUL-2019,0.45,0.55,0.45,0.55,72336,19,0.5
SPIC,18-JUL-2019,21.3,21.3,20.6,20.6,28809,129,21.0
SPICEMOBI,18-JUL-2019,7.4,7.8,7.15,7.8,5418,22,7.5
SPLIL,18-JUL-2019,38.3,38.5,37.1,38.15,30104,337,37.35
SPMLINFRA,18-JUL-2019,16.5,17.0,15.75,16.2,40175,335,17.15
SPTL,18-JUL-2019,6.05,6.3,5.95,6.0,1220119,1275,6.05
SPYL,18-JUL-2019,0.25,0.25,0.2,0.2,26203,9,0.25
SREEL,18-JUL-2019,167.0,169.7,164.6,167.6,3031,117,168.75
SREIBNPNCD,18-JUL-2019,820.0,820.0,820.0,820.0,20,1,890.0
SREIBNPNCD,18-JUL-2019,835.0,835.0,835.0,835.0,1,1,868.0
SREINFRA,18-JUL-2019,16.4,16.8,16.0,16.2,234521,757,16.45
SREINFRA,18-JUL-2019,851.0,851.0,851.0,851.0,30,1,940.0
SREINFRA,18-JUL-2019,875.0,875.0,870.0,870.0,63,3,870.0
SREINFRA,18-JUL-2019,810.0,810.0,800.9,800.9,100,5,810.0
SREINFRA,18-JUL-2019,1060.0,1060.0,1060.0,1060.0,30,1,1075.0
SREINFRA,18-JUL-2019,905.1,905.1,905.0,905.0,20,3,930.0
SREINFRA,18-JUL-2019,850.0,855.0,850.0,855.0,2,2,841.0
SREINFRA,18-JUL-2019,815.0,835.0,815.0,835.0,43,3,829.51
SRF,18-JUL-2019,2707.0,2754.95,2635.6,2643.9,375800,24255,2710.1
SRHHYPOLTD,18-JUL-2019,106.2,106.4,99.55,100.8,5329,183,106.8
SRIPIPES,18-JUL-2019,177.25,181.0,175.5,176.0,15714,530,178.6
SRSLTD,18-JUL-2019,0.25,0.25,0.2,0.25,56875,27,0.25
SRTRANSFIN,18-JUL-2019,1082.0,1082.0,1045.6,1051.0,1489414,43640,1084.15
SRTRANSFIN,18-JUL-2019,1025.0,1025.0,1021.2,1022.24,350,9,1025.0
SRTRANSFIN,18-JUL-2019,1030.0,1030.0,1030.0,1030.0,20,2,1030.0
SRTRANSFIN,18-JUL-2019,967.0,967.0,963.5,963.5,50,4,966.17
SRTRANSFIN,18-JUL-2019,956.0,956.0,955.0,955.0,50,2,944.9
SRTRANSFIN,18-JUL-2019,1058.0,1058.0,1058.0,1058.0,47,3,1057.0
SRTRANSFIN,18-JUL-2019,1039.9,1040.0,1039.9,1040.0,400,4,1016.33
SRTRANSFIN,18-JUL-2019,965.0,965.0,954.9,954.9,90,5,965.0
SRTRANSFIN,18-JUL-2019,1025.0,1025.1,1025.0,1025.02,60,3,1025.0
SRTRANSFIN,18-JUL-2019,1015.0,1015.0,1015.0,1015.0,1,1,1020.0
SRTRANSFIN,18-JUL-2019,1025.0,1025.0,1025.0,1025.0,12,1,1028.0
SRTRANSFIN,18-JUL-2019,1000.0,1005.0,1000.0,1001.0,448,10,1005.0
SRTRANSFIN,18-JUL-2019,980.0,980.0,980.0,980.0,1,1,1005.0
SRTRANSFIN,18-JUL-2019,1008.0,1008.0,1007.0,1007.0,35,4,1008.0
SSINFRA,18-JUL-2019,10.0,10.0,10.0,10.0,15000,5,10.5
SSWL,18-JUL-2019,780.0,783.45,775.95,782.3,17280,431,783.3
STAMPEDE,18-JUL-2019,0.8,0.8,0.75,0.8,153972,78,0.75
STAN,18-JUL-2019,56.2,56.6,54.4,56.05,11170,253,55.75
STAR,18-JUL-2019,365.2,370.0,361.15,362.5,766333,13948,366.75
STARCEMENT,18-JUL-2019,111.5,114.0,111.5,112.1,10573,341,113.45
STARPAPER,18-JUL-2019,98.0,98.0,93.2,93.85,33026,768,97.8
STCINDIA,18-JUL-2019,107.1,107.8,104.8,105.9,41750,803,107.3
STEELCITY,18-JUL-2019,39.35,39.35,36.0,36.15,17344,114,39.0
STEELXIND,18-JUL-2019,11.0,11.5,11.0,11.4,3671,53,11.0
STEL,18-JUL-2019,81.0,81.0,72.1,72.75,21373,310,77.4
STERTOOLS,18-JUL-2019,211.95,211.95,202.0,203.5,1722,91,201.45
STRTECH,18-JUL-2019,166.7,169.9,162.0,163.6,1310145,19576,168.2
SUBCAPCITY,18-JUL-2019,6.4,6.4,6.4,6.4,60,2,6.7
SUBEX,18-JUL-2019,5.95,6.05,5.9,5.95,632783,372,5.9
SUBROS,18-JUL-2019,228.8,230.9,224.5,225.75,7761,380,229.8
SUDARSCHEM,18-JUL-2019,325.9,352.0,323.25,330.5,558440,16884,318.65
SUJANAUNI,18-JUL-2019,0.15,0.2,0.15,0.15,27995,18,0.2
SUMEETINDS,18-JUL-2019,2.65,2.7,2.6,2.6,69148,104,2.6
SUMIT,18-JUL-2019,20.0,24.8,20.0,24.8,12000,2,20.85
SUMMITSEC,18-JUL-2019,470.15,478.05,466.5,468.55,180,46,479.1
SUNCLAYLTD,18-JUL-2019,2264.95,2270.0,2230.0,2252.35,480,272,2252.95
SUNDARAM,18-JUL-2019,1.6,1.75,1.6,1.7,220826,131,1.65
SUNDARMFIN,18-JUL-2019,1583.1,1592.0,1552.1,1562.45,5570,1110,1573.4
SUNDARMHLD,18-JUL-2019,83.5,85.3,83.5,84.35,6907,107,84.15
SUNDRMBRAK,18-JUL-2019,299.45,299.95,286.6,295.1,1925,176,294.65
SUNDRMFAST,18-JUL-2019,451.0,456.75,449.35,450.45,43696,3788,454.65
SUNFLAG,18-JUL-2019,35.5,36.2,33.5,33.95,91556,1962,35.65
SUNPHARMA,18-JUL-2019,430.05,432.9,424.65,426.2,4711395,100610,430.05
SUNTECK,18-JUL-2019,449.7,452.9,440.2,449.3,108178,4171,448.4
SUNTV,18-JUL-2019,479.4,482.7,464.6,465.7,1858951,50010,480.3
SUPERHOUSE,18-JUL-2019,81.0,83.6,80.2,80.45,1696,101,83.85
SUPERSPIN,18-JUL-2019,4.9,4.95,4.85,4.85,14124,16,5.05
SUPPETRO,18-JUL-2019,201.0,207.0,198.65,204.0,13087,651,200.75
SUPRAJIT,18-JUL-2019,199.15,202.9,199.15,199.95,23982,720,200.1
SUPREMEENG,18-JUL-2019,39.0,39.45,37.15,38.3,12000,3,39.2
SUPREMEIND,18-JUL-2019,1082.9,1113.95,1076.75,1099.2,20314,2463,1085.85
SUPREMEINF,18-JUL-2019,26.05,26.05,26.05,26.05,16345,26,24.85
SURANASOL,18-JUL-2019,7.15,7.2,6.55,6.65,40095,87,7.15
SURANAT&P,18-JUL-2019,4.15,4.3,3.85,4.05,35461,46,4.0
SUREVIN,18-JUL-2019,71.2,71.2,71.2,71.2,1000,1,74.9
SURYALAXMI,18-JUL-2019,22.0,24.3,21.25,22.7,6950,110,22.6
SURYAROSNI,18-JUL-2019,216.9,216.9,207.35,211.1,117647,1494,215.5
SUTLEJTEX,18-JUL-2019,28.2,29.0,28.0,28.1,39224,80,28.3
SUVEN,18-JUL-2019,245.0,248.95,243.65,246.55,75053,2140,245.3
SUZLON,18-JUL-2019,4.4,4.45,4.3,4.3,6651690,10817,4.45
SVLL,18-JUL-2019,124.9,124.9,124.9,124.9,3000,1,126.2
SWANENERGY,18-JUL-2019,103.15,105.3,102.95,104.0,80634,879,104.05
SWARAJENG,18-JUL-2019,1270.55,1278.7,1219.0,1231.6,2599,663,1266.85
SWELECTES,18-JUL-2019,231.85,235.7,217.55,221.4,10180,425,224.5
SYMPHONY,18-JUL-2019,1226.0,1239.85,1226.0,1230.1,3632,883,1231.1
SYNCOM,18-JUL-2019,1.3,1.3,1.25,1.3,24506,37,1.3
SYNDIBANK,18-JUL-2019,39.6,39.85,38.5,38.7,702650,2244,39.4
SYNGENE,18-JUL-2019,325.0,326.75,320.0,322.1,107184,4709,323.4
TAINWALCHM,18-JUL-2019,53.7,53.8,51.6,51.6,426,9,52.35
TAJGVK,18-JUL-2019,194.0,194.0,187.35,189.05,46788,1213,187.7
TAKE,18-JUL-2019,122.0,122.4,118.0,118.3,58826,1534,121.55
TALBROAUTO,18-JUL-2019,140.55,142.0,135.7,137.3,3868,247,142.1
TALWALKARS,18-JUL-2019,48.5,48.5,39.2,39.2,416224,2417,48.95
TALWGYM,18-JUL-2019,89.15,89.75,72.8,72.8,406162,3488,91.0
TANLA,18-JUL-2019,68.15,69.5,67.5,67.65,132925,845,69.15
TANTIACONS,18-JUL-2019,2.2,2.2,2.2,2.2,5,1,2.2
TARAJEWELS,18-JUL-2019,0.8,0.85,0.75,0.8,2821,10,0.8
TARMAT,18-JUL-2019,28.05,29.8,27.3,27.35,3682,48,28.0
TASTYBITE,18-JUL-2019,8762.0,8918.95,8555.5,8585.05,410,206,8761.9
TATACHEM,18-JUL-2019,611.0,616.0,599.35,602.7,309556,10079,610.45
TATACOFFEE,18-JUL-2019,78.95,78.95,76.75,77.15,146065,1733,78.45
TATACOMM,18-JUL-2019,487.9,488.0,471.1,476.8,59862,2089,486.9
TATAELXSI,18-JUL-2019,737.5,749.95,722.35,732.05,2553544,102511,742.45
TATAGLOBAL,18-JUL-2019,256.7,258.75,254.25,255.1,1082809,16229,257.0
TATAINVEST,18-JUL-2019,848.2,864.0,848.2,861.95,11917,818,853.1
TATAMETALI,18-JUL-2019,554.15,558.95,554.1,556.45,11781,1429,557.5
TATAMOTORS,18-JUL-2019,167.25,167.25,160.0,160.75,19055022,113728,167.9
TATAMTRDVR,18-JUL-2019,80.25,80.25,76.5,76.9,2668472,12282,80.25
TATAPOWER,18-JUL-2019,69.65,70.0,66.1,66.35,6841872,23240,69.05
TATASPONGE,18-JUL-2019,513.7,513.7,499.1,501.15,45951,2145,511.75
TATASTEEL,18-JUL-2019,58.0,58.0,55.8,56.4,138725,1031,58.05
TATASTEEL,18-JUL-2019,473.0,475.35,463.85,466.6,5233173,78765,475.7
TATASTLBSL,18-JUL-2019,29.2,29.2,28.35,28.45,294091,815,29.05
TBZ,18-JUL-2019,42.2,42.9,41.0,41.3,28521,404,41.85
TCFSL,18-JUL-2019,1067.6,1071.99,1067.6,1070.99,585,13,1068.05
TCFSL,18-JUL-2019,1081.8,1084.45,1081.8,1084.45,128,9,1081.88
TCFSL,18-JUL-2019,1084.01,1088.51,1084.01,1088.51,50,2,1089.0
TCI,18-JUL-2019,291.05,293.95,288.6,290.05,5386,262,290.1
TCIDEVELOP,18-JUL-2019,331.45,349.95,331.4,349.8,483,16,337.25
TCIEXP,18-JUL-2019,616.0,629.05,600.0,611.45,38357,1852,624.35
TCIFINANCE,18-JUL-2019,11.35,11.95,11.35,11.75,6551,68,11.65
TCNSBRANDS,18-JUL-2019,771.0,793.75,771.0,787.95,2624,289,785.25
TCPLPACK,18-JUL-2019,330.75,330.75,321.0,321.0,561,45,327.85
TCS,18-JUL-2019,2116.2,2116.2,2060.0,2065.95,3072096,167750,2117.25
TDPOWERSYS,18-JUL-2019,157.9,159.65,157.9,158.6,8660,112,158.05
TEAMLEASE,18-JUL-2019,2985.3,3010.0,2981.0,2997.75,6051,665,2996.7
TECHIN,18-JUL-2019,3.15,3.2,3.15,3.2,94,2,3.15
TECHM,18-JUL-2019,687.35,694.25,680.1,687.2,2984256,114958,690.8
TECHNOE,18-JUL-2019,270.0,285.05,261.0,268.75,40183,492,269.5
TECHNOFAB,18-JUL-2019,18.1,18.1,17.9,17.9,3290,41,18.8
TEJASNET,18-JUL-2019,140.0,140.0,132.2,133.35,24813,1231,137.0
TERASOFT,18-JUL-2019,31.9,31.9,31.05,31.55,2727,59,31.0
TEXINFRA,18-JUL-2019,41.05,42.0,38.65,39.0,5673,139,41.0
TEXMOPIPES,18-JUL-2019,16.9,17.05,16.5,16.95,16214,157,16.95
TEXRAIL,18-JUL-2019,56.8,56.85,53.6,55.75,144864,3390,56.55
TFCILTD,18-JUL-2019,67.9,68.95,65.5,66.0,180088,6255,67.9
TFL,18-JUL-2019,5.15,5.5,5.1,5.3,4662,26,5.35
TGBHOTELS,18-JUL-2019,4.65,4.85,4.65,4.85,3587,18,4.65
THANGAMAYL,18-JUL-2019,320.0,327.0,317.95,324.3,1056,113,320.45
THEINVEST,18-JUL-2019,135.1,136.9,134.0,135.0,1243,23,138.95
THEJO,18-JUL-2019,523.0,540.0,523.0,540.0,600,3,533.0
THEMISMED,18-JUL-2019,259.7,286.0,250.0,264.25,281724,10718,242.3
THERMAX,18-JUL-2019,1098.0,1104.4,1083.0,1090.4,24402,3407,1093.75
THIRUSUGAR,18-JUL-2019,6.0,6.3,5.85,6.2,849,13,6.05
THOMASCOOK,18-JUL-2019,188.2,190.5,168.4,189.25,1029027,17036,189.4
THYROCARE,18-JUL-2019,460.1,463.75,458.0,460.15,3355,233,463.0
TI,18-JUL-2019,13.25,13.7,13.0,13.15,28213,88,13.3
TIDEWATER,18-JUL-2019,4837.0,4898.0,4836.0,4843.3,600,229,4836.85
TIIL,18-JUL-2019,390.45,390.85,380.7,386.55,1970,353,393.95
TIINDIA,18-JUL-2019,416.45,422.4,411.35,415.6,25266,1043,416.45
TIJARIA,18-JUL-2019,11.9,11.9,11.25,11.5,3242,27,11.4
TIL,18-JUL-2019,226.95,238.0,216.35,219.45,5243,482,227.85
TIMESGTY,18-JUL-2019,36.9,36.9,33.8,33.85,478,16,35.35
TIMETECHNO,18-JUL-2019,85.0,85.75,80.85,81.55,81536,1936,84.75
TIMKEN,18-JUL-2019,729.9,733.55,708.8,717.8,21365,1116,728.5
TINPLATE,18-JUL-2019,127.55,128.75,124.35,125.3,117015,2706,128.1
TIPSINDLTD,18-JUL-2019,57.8,59.9,56.2,56.85,634,17,57.55
TIRUMALCHM,18-JUL-2019,73.15,73.9,71.3,71.75,267164,3800,72.3
TITAN,18-JUL-2019,1105.0,1106.5,1056.2,1080.0,3482208,157796,1109.9
TMRVL,18-JUL-2019,12.0,12.0,10.8,10.9,52154,311,11.95
TNPETRO,18-JUL-2019,34.0,34.5,33.35,33.45,23137,335,34.1
TNPL,18-JUL-2019,177.0,177.0,173.7,174.35,24878,409,176.85
TOKYOPLAST,18-JUL-2019,50.5,52.8,50.5,51.75,991,50,50.8
TORNTPHARM,18-JUL-2019,1547.0,1559.9,1485.4,1545.2,1327620,81117,1585.7
TORNTPOWER,18-JUL-2019,312.5,312.5,303.6,304.3,1206963,31852,310.55
TOUCHWOOD,18-JUL-2019,102.35,102.35,102.35,102.35,1500,1,99.5
TPLPLASTEH,18-JUL-2019,119.95,122.85,118.3,119.1,2240,71,118.7
TREEHOUSE,18-JUL-2019,5.15,5.45,5.15,5.2,12033,44,5.35
TREJHARA,18-JUL-2019,17.0,17.5,14.65,15.0,20582,244,15.95
TRENT,18-JUL-2019,449.85,452.4,446.0,450.05,123210,5772,449.2
TRF,18-JUL-2019,108.0,108.9,105.1,105.9,15500,516,108.25
TRIDENT,18-JUL-2019,63.05,63.5,59.5,60.1,815822,6894,62.6
TRIGYN,18-JUL-2019,55.0,55.0,51.8,54.1,13704,239,54.7
TRIL,18-JUL-2019,10.6,10.9,10.45,10.45,30380,80,10.8
TRITURBINE,18-JUL-2019,100.05,100.9,97.05,97.6,7896,346,101.1
TRIVENI,18-JUL-2019,65.95,65.95,63.5,64.45,245937,2426,65.85
TTKHLTCARE,18-JUL-2019,557.0,560.0,545.0,549.65,931,106,556.2
TTKPRESTIG,18-JUL-2019,6202.2,6242.75,6100.0,6106.2,1647,902,6206.1
TTL,18-JUL-2019,42.0,42.75,41.05,41.4,1455,47,42.55
TTML,18-JUL-2019,3.55,3.55,3.4,3.4,486234,376,3.55
TV18BRDCST,18-JUL-2019,23.0,23.1,22.5,22.75,1304001,2991,23.1
TVSELECT,18-JUL-2019,154.4,156.1,150.25,151.0,34949,1645,153.95
TVSMOTOR,18-JUL-2019,423.2,423.95,412.65,414.25,850228,20261,423.2
TVSSRICHAK,18-JUL-2019,1841.0,1851.05,1840.1,1849.15,803,107,1850.15
TVTODAY,18-JUL-2019,282.65,284.85,279.0,281.25,13462,838,283.8
TWL,18-JUL-2019,45.7,45.75,42.05,43.35,655280,5459,46.1
UBL,18-JUL-2019,1386.0,1402.95,1381.15,1398.55,220570,12147,1392.9
UCALFUEL,18-JUL-2019,136.55,136.55,130.0,130.9,12644,486,136.75
UCOBANK,18-JUL-2019,18.4,18.4,18.0,18.05,200572,787,18.35
UFLEX,18-JUL-2019,226.0,231.5,220.05,221.45,70548,4171,226.5
UFO,18-JUL-2019,183.0,183.0,175.05,176.2,9269,389,181.7
UGARSUGAR,18-JUL-2019,14.0,14.05,13.65,13.85,45235,154,14.0
UJAAS,18-JUL-2019,5.25,5.5,5.15,5.2,114304,212,5.2
UJJIVAN,18-JUL-2019,293.5,294.15,282.2,285.65,1409930,18430,293.4
ULTRACEMCO,18-JUL-2019,4612.3,4621.0,4575.0,4601.75,233821,29882,4608.95
UMANGDAIRY,18-JUL-2019,48.9,49.35,48.7,49.0,2440,36,49.5
UMESLTD,18-JUL-2019,1.3,1.3,1.3,1.3,2000,2,1.35
UNICHEMLAB,18-JUL-2019,183.95,184.0,176.6,178.85,20199,694,187.1
UNIENTER,18-JUL-2019,86.05,86.95,82.2,82.6,2128,41,85.75
UNIINFO,18-JUL-2019,29.4,29.45,28.0,29.2,22000,11,29.15
UNIONBANK,18-JUL-2019,77.5,78.05,74.4,74.95,8506491,22182,77.4
UNIPLY,18-JUL-2019,64.3,64.3,60.85,60.95,844073,1375,64.05
UNITECH,18-JUL-2019,1.1,1.1,1.0,1.05,3062333,1142,1.05
UNITEDBNK,18-JUL-2019,9.95,10.0,9.8,9.85,207400,472,9.95
UNITEDTEA,18-JUL-2019,285.05,288.0,276.05,277.45,604,55,289.95
UNITY,18-JUL-2019,0.45,0.5,0.4,0.5,1700,9,0.45
UNIVCABLES,18-JUL-2019,185.1,186.2,182.5,183.65,7701,339,186.05
UPL,18-JUL-2019,658.0,670.95,647.4,654.75,4968435,85819,659.75
URAVI,18-JUL-2019,112.35,112.35,109.1,109.1,27600,8,112.35
URJA,18-JUL-2019,2.7,3.0,2.5,2.8,3573766,1868,2.75
USHAMART,18-JUL-2019,28.1,28.15,27.6,27.85,77286,308,28.05
UTIFEFRDP4,18-JUL-2019,8.1,8.1,8.1,8.1,19000,5,9.0
UTINEXT50,18-JUL-2019,279.8,281.0,277.5,279.16,270,17,278.51
UTINIFTETF,18-JUL-2019,1225.0,1230.85,1223.2,1227.2,1171,44,1230.0
UTISENSETF,18-JUL-2019,413.0,413.5,409.21,413.5,535,16,411.1
UTTAMSTL,18-JUL-2019,8.4,8.65,8.25,8.4,49557,262,8.4
UTTAMSUGAR,18-JUL-2019,124.25,126.5,118.8,119.75,124177,2487,123.9
UVSL,18-JUL-2019,0.1,0.1,0.05,0.1,1264200,185,0.05
V2RETAIL,18-JUL-2019,153.25,157.0,142.55,147.9,20153,899,152.5
VADILALIND,18-JUL-2019,546.95,555.0,537.45,543.7,5829,415,548.85
VAIBHAVGBL,18-JUL-2019,853.0,869.7,848.55,850.05,28163,439,852.4
VAISHALI,18-JUL-2019,33.5,33.5,33.5,33.5,1600,1,35.1
VAKRANGEE,18-JUL-2019,35.5,35.7,33.95,34.6,3785586,8169,35.5
VARDHACRLC,18-JUL-2019,40.05,40.75,39.65,39.75,14792,62,40.35
VARDMNPOLY,18-JUL-2019,3.45,3.75,3.45,3.5,3265,16,3.6
VARROC,18-JUL-2019,444.6,446.25,437.7,440.3,21602,1174,445.1
VASCONEQ,18-JUL-2019,13.3,13.85,12.9,13.15,255269,724,13.45
VASWANI,18-JUL-2019,8.05,8.6,7.6,8.2,7926,83,8.0
VBL,18-JUL-2019,940.0,965.0,937.05,943.3,51067,2958,935.45
VEDL,18-JUL-2019,167.55,167.7,162.1,163.05,6825281,55037,168.65
VENKEYS,18-JUL-2019,1517.85,1529.0,1490.0,1496.7,32308,3547,1519.8
VENUSREM,18-JUL-2019,22.55,23.25,21.3,21.65,4906,125,22.1
VERTOZ,18-JUL-2019,194.0,195.0,194.0,194.4,16800,14,193.9
VESUVIUS,18-JUL-2019,1057.1,1075.0,1055.65,1069.15,1239,652,1057.7
VETO,18-JUL-2019,73.15,77.9,71.1,72.35,69759,824,72.8
VGUARD,18-JUL-2019,240.0,241.6,234.25,234.9,750072,4779,241.05
VHL,18-JUL-2019,1768.55,1900.0,1757.5,1801.85,160,111,1784.3
VICEROY,18-JUL-2019,1.45,1.5,1.4,1.4,53575,58,1.45
VIDEOIND,18-JUL-2019,1.65,1.7,1.6,1.7,135223,100,1.65
VIDHIING,18-JUL-2019,61.65,63.45,61.2,61.5,26143,251,62.05
VIJIFIN,18-JUL-2019,0.5,0.5,0.45,0.45,23718,44,0.5
VIKASECO,18-JUL-2019,4.35,4.35,4.35,4.35,58126,106,4.55
VIKASMCORP,18-JUL-2019,2.9,3.2,2.7,2.9,2325892,666,3.0
VIMTALABS,18-JUL-2019,165.0,165.0,151.1,152.35,28871,804,164.5
VINATIORGA,18-JUL-2019,2172.0,2194.0,2148.1,2171.55,27546,2380,2170.25
VINDHYATEL,18-JUL-2019,1063.0,1078.75,1030.3,1038.9,2249,320,1063.8
VINYLINDIA,18-JUL-2019,69.5,71.0,67.6,68.4,9847,211,70.25
VIPCLOTHNG,18-JUL-2019,15.55,15.85,15.0,15.25,35570,264,16.0
VIPIND,18-JUL-2019,410.0,411.25,404.0,405.65,79171,3930,411.5
VIPULLTD,18-JUL-2019,42.7,42.7,41.6,42.05,197946,599,42.25
VISAKAIND,18-JUL-2019,332.25,333.6,315.0,315.75,31096,1629,333.65
VISASTEEL,18-JUL-2019,5.85,6.1,5.5,5.8,6146,50,5.9
VISESHINFO,18-JUL-2019,0.05,0.1,0.05,0.05,4863987,92,0.05
VISHNU,18-JUL-2019,122.75,122.75,117.0,120.5,1967,52,118.5
VIVIDHA,18-JUL-2019,0.35,0.35,0.25,0.3,154065,29,0.3
VIVIMEDLAB,18-JUL-2019,15.0,15.0,14.0,14.15,114372,333,14.7
VLSFINANCE,18-JUL-2019,51.45,51.95,51.1,51.4,5492,58,51.9
VMART,18-JUL-2019,2060.95,2065.0,2021.05,2048.45,3443,888,2028.45
VOLTAMP,18-JUL-2019,1103.55,1124.9,1103.4,1119.9,2668,235,1103.85
VOLTAS,18-JUL-2019,589.35,590.0,576.1,580.4,977805,24133,590.7
VRLLOG,18-JUL-2019,275.15,275.45,267.5,267.95,8068,795,275.15
VSSL,18-JUL-2019,83.95,87.45,82.5,86.1,22619,190,83.35
VSTIND,18-JUL-2019,3220.0,3220.0,3193.05,3201.45,937,363,3217.1
VSTTILLERS,18-JUL-2019,1169.95,1175.95,1123.1,1130.65,1869,405,1165.95
VTL,18-JUL-2019,1018.0,1025.0,985.0,1000.0,12773,3399,1018.3
WABAG,18-JUL-2019,288.8,310.4,287.8,302.6,718885,25968,287.0
WABCOINDIA,18-JUL-2019,6118.25,6140.0,6106.0,6117.45,1722,281,6117.2
WALCHANNAG,18-JUL-2019,79.0,79.15,76.15,77.05,76489,904,79.15
WANBURY,18-JUL-2019,14.6,15.8,14.6,15.5,2187,13,15.1
WEBELSOLAR,18-JUL-2019,24.15,24.5,23.55,23.6,24160,192,24.65
WEIZFOREX,18-JUL-2019,466.85,471.0,450.0,452.0,229,61,466.85
WEIZMANIND,18-JUL-2019,33.75,33.75,31.75,32.55,9,9,32.8
WELCORP,18-JUL-2019,135.9,135.9,131.5,134.35,346710,4320,135.9
WELENT,18-JUL-2019,112.05,113.65,109.15,112.0,175190,2010,113.2
WELINV,18-JUL-2019,157.05,157.05,150.55,152.0,41,11,161.3
WELSPUNIND,18-JUL-2019,56.1,57.2,56.0,57.05,407263,2171,56.5
WENDT,18-JUL-2019,2425.0,2430.0,2301.0,2333.6,626,250,2422.25
WHEELS,18-JUL-2019,761.95,769.0,725.0,733.65,1496,271,753.95
WHIRLPOOL,18-JUL-2019,1596.0,1620.0,1571.05,1583.45,22233,3031,1595.55
WILLAMAGOR,18-JUL-2019,18.8,18.8,18.05,18.05,6732,106,18.95
WINDMACHIN,18-JUL-2019,24.7,25.0,23.6,24.95,346660,511,23.85
WIPRO,18-JUL-2019,261.0,274.15,259.55,269.1,21027353,162298,259.6
WOCKPHARMA,18-JUL-2019,355.0,355.0,345.0,346.4,352967,9066,355.75
WONDERLA,18-JUL-2019,259.0,260.6,247.15,249.3,49493,2050,258.85
WORTH,18-JUL-2019,50.9,51.0,49.95,51.0,64500,12,49.95
WSI,18-JUL-2019,0.8,0.8,0.7,0.7,7203,7,0.75
WSTCSTPAPR,18-JUL-2019,226.3,241.9,223.4,238.15,161673,3040,225.45
XCHANGING,18-JUL-2019,53.5,53.9,52.65,53.55,13006,44,53.85
XELPMOC,18-JUL-2019,62.0,63.35,60.1,61.3,741,99,62.4
XLENERGY,18-JUL-2019,0.55,0.65,0.55,0.6,3164,9,0.6
XPROINDIA,18-JUL-2019,30.5,32.5,29.6,29.65,546,26,30.1
YESBANK,18-JUL-2019,88.6,90.25,79.15,85.8,229258092,822344,98.4
ZEEL,18-JUL-2019,353.4,364.95,349.2,360.1,12053241,180673,353.25
ZEEL,18-JUL-2019,5.2,5.2,5.15,5.2,563210,125,5.2
ZEELEARN,18-JUL-2019,22.2,22.55,21.95,22.05,57728,301,22.2
ZEEMEDIA,18-JUL-2019,11.9,12.1,11.55,11.95,752574,1647,11.9
ZENITHBIR,18-JUL-2019,0.35,0.4,0.35,0.4,19145,34,0.35
ZENITHEXPO,18-JUL-2019,45.25,45.25,43.2,43.55,1490,20,43.1
ZENSARTECH,18-JUL-2019,245.9,247.75,237.8,244.05,16254,951,244.0
ZENTEC,18-JUL-2019,62.75,62.75,57.15,57.95,82410,1018,61.7
ZICOM,18-JUL-2019,1.05,1.1,1.0,1.1,59016,42,1.05
ZODIACLOTH,18-JUL-2019,225.1,235.0,223.1,229.95,745,52,227.0
ZODJRDMKJ,18-JUL-2019,31.9,32.7,30.05,30.85,219,28,31.0
ZOTA,18-JUL-2019,295.0,296.2,293.0,293.05,16000,27,299.0
ZUARI,18-JUL-2019,128.0,129.0,125.05,126.35,12496,785,128.4
ZUARIGLOB,18-JUL-2019,77.05,78.8,72.5,73.05,22575,567,76.4
ZYDUSWELL,18-JUL-2019,1373.65,1387.0,1363.3,1380.3,5124,1115,1375.9
